     9.8128658
     7.3289787
     8.5198702
     5.9039825
     3.1712242
     2.0785869
     3.0110809
     3.2451548
     1.7907918
     4.0534622
     9.8174101
     9.3130564
     2.4057388
     6.6121450
     5.1651478
     3.3303363
     6.7744944
     5.2636513
     0.6090101
     7.1620719
     1.4104234
     4.7777459
     1.2440080
     9.0627866
     8.9222845
     2.9027262
     8.2670838
     3.4165963
     1.3780814
     4.3964741
     9.0807816
     1.1909472
     1.7254529
     7.6006518
     7.0949297
     4.8966771
     9.6792387
     0.1060106
     8.1418319
     1.4700305
     4.1594728
     7.9592420
     0.7830869
     6.5652116
     4.5713870
     5.9482346
     9.8955479
     1.3458814
     1.2118859
     0.5045580
     8.5079533
     2.6223093
     5.2823039
     9.7519613
     1.6850960
     4.2045884
     2.6546875
     9.9521798
     7.6211847
     4.0327689
     4.3486540
     6.7019663
     5.2237160
     6.0741068
     4.3026181
     2.3186457
     0.9707839
     3.9818568
     2.4246563
     9.1126158
     5.4518873
     6.5841291
     7.0718578
     6.2349742
     3.1493407
     1.6432447
     2.1832088
     3.0448887
     2.9891262
     3.3950948
     3.5494467
     1.4970795
     6.0174041
     8.8317505
     1.2490408
     7.7025001
     3.0363389
     3.9037283
     7.6546799
     0.6575236
     7.9364972
     2.0033339
     7.3594899
     3.1602132
     8.0774407
     1.6621080
     5.4788590
     9.0482246
     5.6439649
     7.9035153
