     6.0694395
     6.5513268
     1.8248721
     7.4871654
     4.3773782
     6.0519837
     6.7048394
     0.0291759
     3.2733564
     0.3195688
     5.3839247
     5.3288511
     4.5947112
     6.9089229
     2.9246422
     6.2191513
     4.9928191
     5.5772728
     4.6454766
     7.7317682
     5.5586716
     7.1013919
     8.9334720
     5.5812172
     9.8565405
     8.0585506
     6.4118879
     7.4116982
     8.1333058
     6.4432508
     3.5427289
     4.2027453
     2.9945776
     5.3676010
     1.6899106
     7.3719558
     1.4195846
     8.3947501
     7.4011317
     4.6929411
     8.7143189
     2.7850564
     0.0217921
     3.3090301
     9.6939794
     2.9464343
     9.5281814
     4.6867984
     8.5237071
     4.1736581
     2.4185666
     4.0823787
     1.2750500
     1.3520386
     9.6635959
     1.1315905
     9.4105893
     6.0754838
     8.5432887
     7.5438951
     2.5187346
     2.0860176
     1.7466404
     5.5133122
     7.4536185
     3.4365510
     2.8852681
     8.8732031
     1.8313011
     0.2863998
     3.5661442
     0.5456200
     3.0714562
     3.5879364
     3.8546501
     2.7654356
     6.5343707
     3.3828315
     7.4522340
     5.0580778
     7.5564896
     9.8708006
     9.1404565
     8.8315396
     1.2228392
     8.8040524
     9.9631301
     0.6334285
     4.8795362
     8.5064188
     8.1773236
     7.3982708
     0.5924364
     9.9239639
     2.9115831
     8.0460549
     3.3605149
     5.7968512
     6.9192580
     5.1918160
