0	-0.544021
0.01	-0.543601
0.02	-0.542341
0.03	-0.540234
0.04	-0.537272
0.05	-0.533444
0.06	-0.528735
0.07	-0.523125
0.08	-0.516593
0.09	-0.509115
0.1	-0.500661
0.11	-0.4912
0.12	-0.480699
0.13	-0.46912
0.14	-0.456423
0.15	-0.442567
0.16	-0.427507
0.17	-0.411197
0.18	-0.393589
0.19	-0.374636
0.2	-0.354287
0.21	-0.332496
0.22	-0.309213
0.23	-0.284393
0.24	-0.257994
0.25	-0.229974
0.26	-0.200301
0.27	-0.168946
0.28	-0.135889
0.29	-0.101118
0.3	-0.0646338
0.31	-0.0264488
0.32	0.0134099
0.33	0.0548983
0.34	0.0979544
0.35	0.142495
0.36	0.188416
0.37	0.235586
0.38	0.283852
0.39	0.333028
0.4	0.382904
0.41	0.433237
0.42	0.483754
0.43	0.534153
0.44	0.584098
0.45	0.633228
0.46	0.68115
0.47	0.72745
0.48	0.771687
0.49	0.813405
0.5	0.852132
0.51	0.887389
0.52	0.918694
0.53	0.945569
0.54	0.967549
0.55	0.984189
0.56	0.995071
0.57	0.999814
0.58	0.998081
0.59	0.989592
0.6	0.974122
0.61	0.95152
0.62	0.921707
0.63	0.884683
0.64	0.840535
0.65	0.789436
0.66	0.731645
0.67	0.667514
0.68	0.597476
0.69	0.52205
0.7	0.44183
0.71	0.357482
0.72	0.269732
0.73	0.179361
0.74	0.0871888
0.75	-0.00593286
0.76	-0.0991349
0.77	-0.191543
0.78	-0.282288
0.79	-0.370524
0.8	-0.455434
0.81	-0.536242
0.82	-0.612229
0.83	-0.682734
0.84	-0.747167
0.85	-0.805015
0.86	-0.855845
0.87	-0.89931
0.88	-0.935146
0.89	-0.963179
0.9	-0.98332
0.91	-0.995562
0.92	-0.99998
0.93	-0.996723
0.94	-0.98601
0.95	-0.968123
0.96	-0.943402
0.97	-0.912235
0.98	-0.875053
0.99	-0.832322
1	-0.784535
1.01	-0.732202
1.02	-0.675849
1.03	-0.616007
1.04	-0.553206
1.05	-0.487969
1.06	-0.420811
1.07	-0.352229
1.08	-0.282701
1.09	-0.212681
1.1	-0.1426
1.11	-0.0728583
1.12	-0.00382772
1.13	0.0641503
1.14	0.130766
1.15	0.19574
1.16	0.258827
1.17	0.319809
1.18	0.378501
1.19	0.434744
1.2	0.48841
1.21	0.539394
1.22	0.587619
1.23	0.633028
1.24	0.675587
1.25	0.715283
1.26	0.752117
1.27	0.786109
1.28	0.817294
1.29	0.845718
1.3	0.87144
1.31	0.894526
1.32	0.915053
1.33	0.933104
1.34	0.948768
1.35	0.962139
1.36	0.973312
1.37	0.982388
1.38	0.989468
1.39	0.994653
1.4	0.998046
1.41	0.999748
1.42	0.99986
1.43	0.99848
1.44	0.995706
1.45	0.991633
1.46	0.986353
1.47	0.979954
1.48	0.972524
1.49	0.964146
1.5	0.954899
1.51	0.944859
1.52	0.9341
1.53	0.922692
1.54	0.9107
1.55	0.898187
1.56	0.885212
1.57	0.871832
1.58	0.858099
1.59	0.844063
1.6	0.82977
1.61	0.815264
1.62	0.800585
1.63	0.785772
1.64	0.77086
1.65	0.755881
1.66	0.740867
1.67	0.725844
1.68	0.71084
1.69	0.695877
1.7	0.680978
1.71	0.666162
1.72	0.651449
1.73	0.636853
1.74	0.622391
1.75	0.608076
1.76	0.59392
1.77	0.579934
1.78	0.566128
1.79	0.55251
1.8	0.539088
1.81	0.525868
1.82	0.512856
1.83	0.500057
1.84	0.487474
1.85	0.475112
1.86	0.462972
1.87	0.451058
1.88	0.439369
1.89	0.427907
1.9	0.416673
1.91	0.405667
1.92	0.394888
1.93	0.384335
1.94	0.374007
1.95	0.363904
1.96	0.354023
1.97	0.344362
1.98	0.334919
1.99	0.325693
2	0.31668
2.01	0.307877
2.02	0.299283
2.03	0.290894
2.04	0.282706
2.05	0.274718
2.06	0.266926
2.07	0.259326
2.08	0.251915
2.09	0.244691
2.1	0.237648
2.11	0.230785
2.12	0.224098
2.13	0.217583
2.14	0.211236
2.15	0.205056
2.16	0.199037
2.17	0.193177
2.18	0.187472
2.19	0.181919
2.2	0.176515
2.21	0.171256
2.22	0.166139
2.23	0.161161
2.24	0.156319
2.25	0.151609
2.26	0.147028
2.27	0.142574
2.28	0.138244
2.29	0.134034
2.3	0.129941
2.31	0.125963
2.32	0.122097
2.33	0.11834
2.34	0.114689
2.35	0.111142
2.36	0.107696
2.37	0.104349
2.38	0.101097
2.39	0.0979396
2.4	0.0948731
2.41	0.0918953
2.42	0.0890041
2.43	0.086197
2.44	0.0834721
2.45	0.0808269
2.46	0.0782596
2.47	0.0757679
2.48	0.0733499
2.49	0.0710035
2.5	0.0687269
2.51	0.0665182
2.52	0.0643755
2.53	0.0622971
2.54	0.0602811
2.55	0.0583258
2.56	0.0564297
2.57	0.054591
2.58	0.0528081
2.59	0.0510795
2.6	0.0494038
2.61	0.0477793
2.62	0.0462047
2.63	0.0446785
2.64	0.0431995
2.65	0.0417661
2.66	0.0403773
2.67	0.0390316
2.68	0.0377278
2.69	0.0364648
2.7	0.0352413
2.71	0.0340562
2.72	0.0329085
2.73	0.0317969
2.74	0.0307206
2.75	0.0296783
2.76	0.0286692
2.77	0.0276922
2.78	0.0267465
2.79	0.025831
2.8	0.024945
2.81	0.0240874
2.82	0.0232575
2.83	0.0224544
2.84	0.0216774
2.85	0.0209256
2.86	0.0201983
2.87	0.0194947
2.88	0.0188142
2.89	0.018156
2.9	0.0175194
2.91	0.0169038
2.92	0.0163086
2.93	0.0157331
2.94	0.0151766
2.95	0.0146387
2.96	0.0141188
2.97	0.0136162
2.98	0.0131304
2.99	0.012661
3	0.0122074
3.01	0.0117691
3.02	0.0113456
3.03	0.0109365
3.04	0.0105413
3.05	0.0101595
3.06	0.00979079
3.07	0.0094347
3.08	0.00909082
3.09	0.00875877
3.1	0.00843816
3.11	0.00812863
3.12	0.00782982
3.13	0.00754138
3.14	0.00726298
3.15	0.00699428
3.16	0.00673498
3.17	0.00648475
3.18	0.00624332
3.19	0.00601038
3.2	0.00578566
3.21	0.00556888
3.22	0.00535979
3.23	0.00515812
3.24	0.00496364
3.25	0.00477609
3.26	0.00459525
3.27	0.00442089
3.28	0.0042528
3.29	0.00409075
3.3	0.00393456
3.31	0.00378402
3.32	0.00363893
3.33	0.00349912
3.34	0.0033644
3.35	0.0032346
3.36	0.00310954
3.37	0.00298907
3.38	0.00287303
3.39	0.00276126
3.4	0.00265362
3.41	0.00254996
3.42	0.00245014
3.43	0.00235404
3.44	0.00226151
3.45	0.00217244
3.46	0.0020867
3.47	0.00200417
3.48	0.00192475
3.49	0.00184832
3.5	0.00177477
3.51	0.00170401
3.52	0.00163593
3.53	0.00157043
3.54	0.00150743
3.55	0.00144683
3.56	0.00138856
3.57	0.00133251
3.58	0.00127862
3.59	0.00122681
3.6	0.00117699
3.61	0.0011291
3.62	0.00108307
3.63	0.00103882
3.64	0.000996297
3.65	0.000955432
3.66	0.000916165
3.67	0.000878437
3.68	0.00084219
3.69	0.000807369
3.7	0.000773921
3.71	0.000741795
3.72	0.000710941
3.73	0.000681312
3.74	0.000652862
3.75	0.000625545
3.76	0.00059932
3.77	0.000574145
3.78	0.000549979
3.79	0.000526785
3.8	0.000504525
3.81	0.000483165
3.82	0.000462668
3.83	0.000443002
3.84	0.000424136
3.85	0.000406037
3.86	0.000388677
3.87	0.000372027
3.88	0.000356059
3.89	0.000340747
3.9	0.000326064
3.91	0.000311987
3.92	0.000298492
3.93	0.000285556
3.94	0.000273156
3.95	0.000261272
3.96	0.000249883
3.97	0.000238969
3.98	0.000228512
3.99	0.000218494
4	0.000208896
4.01	0.000199703
4.02	0.000190897
4.03	0.000182463
4.04	0.000174387
4.05	0.000166653
4.06	0.000159248
4.07	0.000152159
4.08	0.000145373
4.09	0.000138877
4.1	0.00013266
4.11	0.000126709
4.12	0.000121015
4.13	0.000115567
4.14	0.000110354
4.15	0.000105367
4.16	0.000100596
4.17	9.60329e-05
4.18	9.16686e-05
4.19	8.74948e-05
4.2	8.35036e-05
4.21	7.96874e-05
4.22	7.60388e-05
4.23	7.25509e-05
4.24	6.92167e-05
4.25	6.60299e-05
4.26	6.29842e-05
4.27	6.00736e-05
4.28	5.72924e-05
4.29	5.46351e-05
4.3	5.20963e-05
4.31	4.96711e-05
4.32	4.73546e-05
4.33	4.5142e-05
4.34	4.3029e-05
4.35	4.10112e-05
4.36	3.90845e-05
4.37	3.7245e-05
4.38	3.54889e-05
4.39	3.38125e-05
4.4	3.22124e-05
4.41	3.06853e-05
4.42	2.9228e-05
4.43	2.78374e-05
4.44	2.65105e-05
4.45	2.52446e-05
4.46	2.4037e-05
4.47	2.28851e-05
4.48	2.17864e-05
4.49	2.07386e-05
4.5	1.97395e-05
4.51	1.87867e-05
4.52	1.78783e-05
4.53	1.70124e-05
4.54	1.61869e-05
4.55	1.54e-05
4.56	1.46501e-05
4.57	1.39354e-05
4.58	1.32544e-05
4.59	1.26055e-05
4.6	1.19874e-05
4.61	1.13985e-05
4.62	1.08375e-05
4.63	1.03032e-05
4.64	9.79437e-06
4.65	9.30981e-06
4.66	8.84843e-06
4.67	8.40914e-06
4.68	7.99094e-06
4.69	7.59284e-06
4.7	7.21392e-06
4.71	6.85328e-06
4.72	6.51008e-06
4.73	6.1835e-06
4.74	5.87277e-06
4.75	5.57715e-06
4.76	5.29592e-06
4.77	5.02841e-06
4.78	4.77398e-06
4.79	4.53201e-06
4.8	4.30191e-06
4.81	4.08312e-06
4.82	3.87511e-06
4.83	3.67735e-06
4.84	3.48937e-06
4.85	3.31069e-06
4.86	3.14087e-06
4.87	2.97949e-06
4.88	2.82615e-06
4.89	2.68045e-06
4.9	2.54203e-06
4.91	2.41053e-06
4.92	2.28563e-06
4.93	2.167e-06
4.94	2.05434e-06
4.95	1.94735e-06
4.96	1.84577e-06
4.97	1.74933e-06
4.98	1.65777e-06
4.99	1.57086e-06
5	1.48837e-06
