0 1
0.001 1
0.002 1
0.003 1
0.004 1
0.005 1
0.006 1
0.007 1
0.008 1
0.009 1
0.01 1
0.011 1
0.012 1
0.013 1
0.014 1
0.015 1
0.016 1
0.017 1
0.018 1
0.019 1
0.02 1
0.021 1
0.022 1
0.023 1
0.024 1
0.025 1
0.026 1
0.027 1
0.028 1
0.029 1
0.03 1
0.031 1
0.032 1
0.033 1
0.034 1
0.035 1
0.036 1
0.037 1
0.038 1
0.039 1
0.04 1
0.041 1
0.042 1
0.043 1
0.044 1
0.045 1
0.046 1
0.047 1
0.048 1
0.049 1
0.05 1
0.051 1
0.052 1
0.053 1
0.054 1
0.055 1
0.056 1
0.057 1
0.058 1
0.059 1
0.06 1
0.061 1
0.062 1
0.063 1
0.064 1
0.065 1
0.066 1
0.067 1
0.068 1
0.069 1
0.07 1
0.071 1
0.072 1
0.073 1
0.074 1
0.075 1
0.076 1
0.077 1
0.078 1
0.079 1
0.08 1
0.081 1
0.082 1
0.083 1
0.084 1
0.085 1
0.086 1
0.087 1
0.088 1
0.089 1
0.09 1
0.091 1
0.092 1
0.093 1
0.094 1
0.095 1
0.096 1
0.097 1
0.098 1
0.099 1
0.1 1
0.101 1
0.102 1
0.103 1
0.104 1
0.105 1
0.106 1
0.107 1
0.108 1
0.109 1
0.11 1
0.111 1
0.112 0.999999
0.113 0.999999
0.114 0.999999
0.115 0.999999
0.116 0.999999
0.117 0.999999
0.118 0.999999
0.119 0.999999
0.12 0.999999
0.121 0.999999
0.122 0.999999
0.123 0.999999
0.124 0.999999
0.125 0.999998
0.126 0.999998
0.127 0.999998
0.128 0.999998
0.129 0.999998
0.13 0.999998
0.131 0.999997
0.132 0.999997
0.133 0.999997
0.134 0.999997
0.135 0.999997
0.136 0.999996
0.137 0.999996
0.138 0.999996
0.139 0.999995
0.14 0.999995
0.141 0.999995
0.142 0.999994
0.143 0.999994
0.144 0.999993
0.145 0.999993
0.146 0.999993
0.147 0.999992
0.148 0.999991
0.149 0.999991
0.15 0.99999
0.151 0.99999
0.152 0.999989
0.153 0.999988
0.154 0.999987
0.155 0.999986
0.156 0.999986
0.157 0.999985
0.158 0.999984
0.159 0.999983
0.16 0.999981
0.161 0.99998
0.162 0.999979
0.163 0.999978
0.164 0.999976
0.165 0.999975
0.166 0.999973
0.167 0.999971
0.168 0.99997
0.169 0.999968
0.17 0.999966
0.171 0.999964
0.172 0.999962
0.173 0.999959
0.174 0.999957
0.175 0.999955
0.176 0.999952
0.177 0.999949
0.178 0.999946
0.179 0.999943
0.18 0.99994
0.181 0.999936
0.182 0.999933
0.183 0.999929
0.184 0.999925
0.185 0.999921
0.186 0.999916
0.187 0.999912
0.188 0.999907
0.189 0.999902
0.19 0.999897
0.191 0.999891
0.192 0.999885
0.193 0.999879
0.194 0.999873
0.195 0.999866
0.196 0.999859
0.197 0.999852
0.198 0.999844
0.199 0.999836
0.2 0.999828
0.201 0.999819
0.202 0.99981
0.203 0.9998
0.204 0.99979
0.205 0.999779
0.206 0.999768
0.207 0.999757
0.208 0.999745
0.209 0.999732
0.21 0.999719
0.211 0.999706
0.212 0.999691
0.213 0.999676
0.214 0.999661
0.215 0.999645
0.216 0.999628
0.217 0.99961
0.218 0.999592
0.219 0.999573
0.22 0.999553
0.221 0.999532
0.222 0.99951
0.223 0.999487
0.224 0.999464
0.225 0.999439
0.226 0.999414
0.227 0.999387
0.228 0.99936
0.229 0.999331
0.23 0.999301
0.231 0.99927
0.232 0.999237
0.233 0.999204
0.234 0.999169
0.235 0.999132
0.236 0.999094
0.237 0.999055
0.238 0.999014
0.239 0.998972
0.24 0.998927
0.241 0.998881
0.242 0.998834
0.243 0.998784
0.244 0.998733
0.245 0.998679
0.246 0.998624
0.247 0.998567
0.248 0.998507
0.249 0.998445
0.25 0.998381
0.251 0.998314
0.252 0.998245
0.253 0.998173
0.254 0.998099
0.255 0.998021
0.256 0.997941
0.257 0.997859
0.258 0.997773
0.259 0.997683
0.26 0.997591
0.261 0.997495
0.262 0.997396
0.263 0.997294
0.264 0.997187
0.265 0.997077
0.266 0.996963
0.267 0.996845
0.268 0.996723
0.269 0.996596
0.27 0.996465
0.271 0.996329
0.272 0.996189
0.273 0.996043
0.274 0.995893
0.275 0.995737
0.276 0.995576
0.277 0.99541
0.278 0.995238
0.279 0.995059
0.28 0.994875
0.281 0.994685
0.282 0.994488
0.283 0.994284
0.284 0.994074
0.285 0.993856
0.286 0.993631
0.287 0.993399
0.288 0.993158
0.289 0.99291
0.29 0.992654
0.291 0.992389
0.292 0.992115
0.293 0.991832
0.294 0.99154
0.295 0.991239
0.296 0.990927
0.297 0.990606
0.298 0.990274
0.299 0.989931
0.3 0.989577
0.301 0.989211
0.302 0.988834
0.303 0.988445
0.304 0.988043
0.305 0.987628
0.306 0.987201
0.307 0.986759
0.308 0.986303
0.309 0.985833
0.31 0.985349
0.311 0.984848
0.312 0.984333
0.313 0.9838
0.314 0.983252
0.315 0.982686
0.316 0.982102
0.317 0.9815
0.318 0.98088
0.319 0.98024
0.32 0.97958
0.321 0.9789
0.322 0.978199
0.323 0.977477
0.324 0.976732
0.325 0.975965
0.326 0.975174
0.327 0.974359
0.328 0.973519
0.329 0.972653
0.33 0.971762
0.331 0.970843
0.332 0.969897
0.333 0.968922
0.334 0.967917
0.335 0.966883
0.336 0.965817
0.337 0.96472
0.338 0.963589
0.339 0.962425
0.34 0.961226
0.341 0.959992
0.342 0.958721
0.343 0.957412
0.344 0.956065
0.345 0.954678
0.346 0.95325
0.347 0.95178
0.348 0.950267
0.349 0.948709
0.35 0.947106
0.351 0.945456
0.352 0.943758
0.353 0.94201
0.354 0.940212
0.355 0.938361
0.356 0.936457
0.357 0.934497
0.358 0.932481
0.359 0.930407
0.36 0.928273
0.361 0.926077
0.362 0.923819
0.363 0.921496
0.364 0.919106
0.365 0.916648
0.366 0.91412
0.367 0.91152
0.368 0.908846
0.369 0.906097
0.37 0.903269
0.371 0.900361
0.372 0.897371
0.373 0.894297
0.374 0.891136
0.375 0.887886
0.376 0.884545
0.377 0.88111
0.378 0.877579
0.379 0.87395
0.38 0.870219
0.381 0.866384
0.382 0.862443
0.383 0.858393
0.384 0.85423
0.385 0.849952
0.386 0.845556
0.387 0.841039
0.388 0.836397
0.389 0.831629
0.39 0.826729
0.391 0.821695
0.392 0.816524
0.393 0.811213
0.394 0.805756
0.395 0.800152
0.396 0.794395
0.397 0.788484
0.398 0.782412
0.399 0.776178
0.4 0.769775
0.401 0.763202
0.402 0.756452
0.403 0.749523
0.404 0.742409
0.405 0.735107
0.406 0.727611
0.407 0.719917
0.408 0.712021
0.409 0.703918
0.41 0.695602
0.411 0.68707
0.412 0.678315
0.413 0.669334
0.414 0.66012
0.415 0.650669
0.416 0.640975
0.417 0.631034
0.418 0.620839
0.419 0.610385
0.42 0.599667
0.421 0.588679
0.422 0.577416
0.423 0.565872
0.424 0.554041
0.425 0.541918
0.426 0.529496
0.427 0.516771
0.428 0.503737
0.429 0.490387
0.43 0.476716
0.431 0.46272
0.432 0.448391
0.433 0.433724
0.434 0.418715
0.435 0.403357
0.436 0.387645
0.437 0.371575
0.438 0.355142
0.439 0.33834
0.44 0.321165
0.441 0.303612
0.442 0.285679
0.443 0.26736
0.444 0.248652
0.445 0.229553
0.446 0.210059
0.447 0.190169
0.448 0.169879
0.449 0.14919
0.45 0.128099
0.451 0.106608
0.452 0.0847169
0.453 0.0624264
0.454 0.039739
0.455 0.0166577
0.456 -0.00681374
0.457 -0.0306703
0.458 -0.0549059
0.459 -0.0795134
0.46 -0.104484
0.461 -0.129809
0.462 -0.155475
0.463 -0.181471
0.464 -0.207782
0.465 -0.23439
0.466 -0.261278
0.467 -0.288426
0.468 -0.31581
0.469 -0.343405
0.47 -0.371184
0.471 -0.399117
0.472 -0.42717
0.473 -0.455308
0.474 -0.48349
0.475 -0.511675
0.476 -0.539815
0.477 -0.567861
0.478 -0.59576
0.479 -0.623451
0.48 -0.650874
0.481 -0.67796
0.482 -0.704639
0.483 -0.730832
0.484 -0.756458
0.485 -0.781429
0.486 -0.805652
0.487 -0.829029
0.488 -0.851454
0.489 -0.872817
0.49 -0.893001
0.491 -0.911883
0.492 -0.929333
0.493 -0.945217
0.494 -0.959392
0.495 -0.97171
0.496 -0.982018
0.497 -0.990157
0.498 -0.995963
0.499 -0.999267
0.5 -0.999896
0.501 -0.997674
0.502 -0.992422
0.503 -0.983961
0.504 -0.972112
0.505 -0.956697
0.506 -0.937542
0.507 -0.914479
0.508 -0.887347
0.509 -0.855999
0.51 -0.820297
0.511 -0.780126
0.512 -0.735388
0.513 -0.686015
0.514 -0.631968
0.515 -0.573244
0.516 -0.509883
0.517 -0.441973
0.518 -0.369659
0.519 -0.293147
0.52 -0.212716
0.521 -0.128721
0.522 -0.0416051
0.523 0.0480922
0.524 0.139729
0.525 0.232553
0.526 0.325693
0.527 0.418155
0.528 0.508814
0.529 0.59642
0.53 0.679591
0.531 0.756824
0.532 0.8265
0.533 0.886906
0.534 0.93625
0.535 0.972702
0.536 0.994426
0.537 0.99964
0.538 0.986676
0.539 0.954064
0.54 0.900619
0.541 0.825556
0.542 0.728605
0.543 0.610148
0.544 0.47136
0.545 0.314352
0.546 0.142305
0.547 -0.040409
0.548 -0.22815
0.549 -0.413984
0.55 -0.589739
0.551 -0.746175
0.552 -0.873302
0.553 -0.960867
0.554 -0.999055
0.555 -0.979411
0.556 -0.895986
0.557 -0.746661
0.558 -0.534572
0.559 -0.269468
0.56 0.0312359
0.561 0.342052
0.562 0.630089
0.563 0.857282
0.564 0.984607
0.565 0.978543
0.566 0.819557
0.567 0.511656
0.568 0.0909269
0.569 -0.370317
0.57 -0.768253
0.571 -0.985696
0.572 -0.926007
0.573 -0.559155
0.574 0.0339872
0.575 0.645691
0.576 0.987802
0.577 0.822325
0.578 0.148929
0.579 -0.66449
0.58 -0.995057
0.581 -0.437462
0.582 0.605285
0.583 0.961772
0.584 -0.0125948
0.585 -0.991675
0.586 -0.129293
0.587 0.99946
0.588 -0.375613
0.589 -0.57381
0.59 0.974445
0.591 -0.981608
0.592 0.973501
0.593 -0.980888
0.594 0.362143
0.595 0.978685
0.596 0.782015
0.597 0.994723
0.598 -0.837996
0.599 0.441569
0.6 -0.999987
0.601 -0.381563
0.602 -0.472003
0.603 -0.249378
0.604 -0.170969
0.605 -0.836505
0.606 -0.581504
0.607 0.0850622
0.608 -0.126073
0.609 -0.358501
0.61 0.907014
0.611 -0.996602
0.612 -0.00495914
0.613 -0.28813
0.614 0.733546
0.615 -0.946091
0.616 0.710341
0.617 0.94947
0.618 0.521953
0.619 -0.862607
0.62 0.179023
0.621 0.130369
0.622 0.00259611
0.623 -0.479277
0.624 0.96329
0.625 -0.710455
0.626 -0.458995
0.627 0.937152
0.628 0.383784
0.629 -0.842797
0.63 -0.759389
0.631 0.304449
0.632 0.983404
0.633 0.686411
0.634 -0.166011
0.635 -0.854412
0.636 -0.968364
0.637 -0.542389
0.638 0.123484
0.639 0.701194
0.64 0.983778
0.641 0.922405
0.642 0.589765
0.643 0.117679
0.644 -0.358462
0.645 -0.734638
0.646 -0.951951
0.647 -0.994921
0.648 -0.881303
0.649 -0.649209
0.65 -0.345193
0.651 -0.0151162
0.652 0.301754
0.653 0.575731
0.654 0.787472
0.655 0.927237
0.656 0.993312
0.657 0.990084
0.658 0.926119
0.659 0.812434
0.66 0.66109
0.661 0.484104
0.662 0.292692
0.663 0.0967781
0.664 -0.0952657
0.665 -0.276707
0.666 -0.442421
0.667 -0.588773
0.668 -0.71345
0.669 -0.815273
0.67 -0.893997
0.671 -0.950123
0.672 -0.984721
0.673 -0.999279
0.674 -0.995563
0.675 -0.97551
0.676 -0.941131
0.677 -0.894444
0.678 -0.837416
0.679 -0.77192
0.68 -0.69971
0.681 -0.622397
0.682 -0.541443
0.683 -0.458155
0.684 -0.373684
0.685 -0.289035
0.686 -0.205068
0.687 -0.12251
0.688 -0.041966
0.689 0.0360715
0.69 0.111211
0.691 0.183152
0.692 0.251673
0.693 0.316622
0.694 0.377908
0.695 0.435493
0.696 0.489382
0.697 0.539616
0.698 0.58627
0.699 0.629439
0.7 0.669243
0.701 0.705813
0.702 0.739295
0.703 0.769841
0.704 0.79761
0.705 0.822762
0.706 0.845461
0.707 0.865867
0.708 0.88414
0.709 0.900435
0.71 0.914904
0.711 0.927692
0.712 0.938941
0.713 0.948785
0.714 0.957351
0.715 0.964762
0.716 0.971132
0.717 0.976569
0.718 0.981174
0.719 0.985042
0.72 0.98826
0.721 0.99091
0.722 0.993068
0.723 0.994801
0.724 0.996173
0.725 0.99724
0.726 0.998056
0.727 0.998664
0.728 0.999107
0.729 0.99942
0.73 0.999633
0.731 0.999772
0.732 0.999859
0.733 0.999909
0.734 0.999936
0.735 0.999946
0.736 0.999944
0.737 0.999928
0.738 0.999894
0.739 0.999833
0.74 0.999731
0.741 0.999573
0.742 0.999336
0.743 0.998995
0.744 0.998522
0.745 0.997884
0.746 0.997043
0.747 0.995958
0.748 0.994584
0.749 0.992873
0.75 0.990769
0.751 0.988218
0.752 0.985155
0.753 0.981518
0.754 0.977234
0.755 0.972232
0.756 0.966433
0.757 0.959757
0.758 0.952118
0.759 0.943428
0.76 0.933594
0.761 0.922522
0.762 0.910114
0.763 0.89627
0.764 0.880888
0.765 0.863863
0.766 0.845093
0.767 0.824471
0.768 0.801893
0.769 0.777258
0.77 0.750466
0.771 0.721419
0.772 0.690028
0.773 0.656206
0.774 0.619878
0.775 0.580977
0.776 0.539448
0.777 0.49525
0.778 0.448357
0.779 0.398766
0.78 0.34649
0.781 0.291571
0.782 0.234075
0.783 0.1741
0.784 0.111779
0.785 0.0472807
0.786 -0.019185
0.787 -0.0873638
0.788 -0.156954
0.789 -0.227602
0.79 -0.298901
0.791 -0.370388
0.792 -0.44154
0.793 -0.511774
0.794 -0.580444
0.795 -0.646845
0.796 -0.71021
0.797 -0.769715
0.798 -0.824484
0.799 -0.873594
0.8 -0.916083
0.801 -0.950963
0.802 -0.977233
0.803 -0.993899
0.804 -0.99999
0.805 -0.994584
0.806 -0.97684
0.807 -0.946024
0.808 -0.901552
0.809 -0.843021
0.81 -0.770262
0.811 -0.683374
0.812 -0.582781
0.813 -0.469273
0.814 -0.344051
0.815 -0.208769
0.816 -0.0655679
0.817 0.082904
0.818 0.23348
0.819 0.382489
0.82 0.525788
0.821 0.658829
0.822 0.77676
0.823 0.874565
0.824 0.947246
0.825 0.990058
0.826 0.998783
0.827 0.970054
0.828 0.901706
0.829 0.793159
0.83 0.645785
0.831 0.463257
0.832 0.251825
0.833 0.0204667
0.834 -0.219128
0.835 -0.452807
0.836 -0.664508
0.837 -0.837144
0.838 -0.953879
0.839 -0.999758
0.84 -0.963665
0.841 -0.840444
0.842 -0.632992
0.843 -0.353976
0.844 -0.0267791
0.845 0.314831
0.846 0.62878
0.847 0.868911
0.848 0.991463
0.849 0.963487
0.85 0.772204
0.851 0.4335
0.852 -0.00300655
0.853 -0.455442
0.854 -0.820524
0.855 -0.995182
0.856 -0.90722
0.857 -0.548624
0.858 0.000276891
0.859 0.571263
0.86 0.947212
0.861 0.942539
0.862 0.505781
0.863 -0.203429
0.864 -0.829364
0.865 -0.975634
0.866 -0.471822
0.867 0.402937
0.868 0.980443
0.869 0.684922
0.87 -0.315886
0.871 -0.994352
0.872 -0.444352
0.873 0.742711
0.874 0.794254
0.875 -0.537526
0.876 -0.830178
0.877 0.672128
0.878 0.524173
0.879 -0.993197
0.88 0.471566
0.881 0.272522
0.882 -0.730867
0.883 0.894218
0.884 -0.890057
0.885 0.67683
0.886 0.0151017
0.887 -0.94978
0.888 0.0788934
0.889 0.657775
0.89 0.486535
0.891 -0.686685
0.892 0.213715
0.893 -0.984936
0.894 -0.989618
0.895 0.912985
0.896 -0.346924
0.897 -0.900022
0.898 -0.934013
0.899 0.980185
0.9 0.315881
0.901 -0.962028
0.902 0.91244
0.903 0.669147
0.904 -0.914387
0.905 0.482874
0.906 0.570552
0.907 0.333481
0.908 0.0772452
0.909 -0.601993
0.91 0.530782
0.911 -0.430143
0.912 -0.662482
0.913 0.991881
0.914 0.752433
0.915 -0.976015
0.916 0.281631
0.917 0.908238
0.918 0.852192
0.919 0.114597
0.92 -0.990854
0.921 0.37064
0.922 0.224579
0.923 -0.436504
0.924 0.343998
0.925 0.030018
0.926 -0.608957
0.927 0.996908
0.928 -0.585296
0.929 -0.534526
0.93 0.94644
0.931 0.222274
0.932 -0.972185
0.933 -0.346415
0.934 0.844122
0.935 0.76032
0.936 -0.325111
0.937 -0.993313
0.938 -0.587033
0.939 0.363805
0.94 0.968109
0.941 0.801007
0.942 0.080121
0.943 -0.663724
0.944 -0.99691
0.945 -0.795491
0.946 -0.2225
0.947 0.42525
0.948 0.878718
0.949 0.994112
0.95 0.771991
0.951 0.320278
0.952 -0.205634
0.953 -0.658495
0.954 -0.935745
0.955 -0.99372
0.956 -0.843628
0.957 -0.536466
0.958 -0.14395
0.959 0.259239
0.96 0.608853
0.961 0.859062
0.962 0.985346
0.963 0.983423
0.964 0.86559
0.965 0.655798
0.966 0.384498
0.967 0.0840057
0.968 -0.215208
0.969 -0.487131
0.97 -0.711758
0.971 -0.875698
0.972 -0.972051
0.973 -0.99975
0.974 -0.962591
0.975 -0.868087
0.976 -0.72632
0.977 -0.548847
0.978 -0.347749
0.979 -0.134852
0.98 0.078882
0.981 0.28378
0.982 0.471734
0.983 0.636327
0.984 0.772862
0.985 0.878287
0.986 0.951071
0.987 0.991029
0.988 0.999125
0.989 0.977262
0.99 0.928079
0.991 0.854752
0.992 0.760815
0.993 0.65
0.994 0.526099
0.995 0.392842
0.996 0.253813
0.997 0.112365
0.998 -0.0284253
0.999 -0.165801
1 -0.297344
1.001 -0.420988
1.002 -0.535016
1.003 -0.638053
1.004 -0.729048
1.005 -0.807258
1.006 -0.872218
1.007 -0.923721
1.008 -0.961784
1.009 -0.986627
1.01 -0.998639
1.011 -0.998356
1.012 -0.986432
1.013 -0.963617
1.014 -0.930736
1.015 -0.888667
1.016 -0.838323
1.017 -0.780635
1.018 -0.716541
1.019 -0.646972
1.02 -0.57284
1.021 -0.49503
1.022 -0.414393
1.023 -0.331741
1.024 -0.247842
1.025 -0.163415
1.026 -0.0791279
1.027 0.00440122
1.028 0.0866081
1.029 0.166981
1.03 0.245059
1.031 0.320434
1.032 0.392746
1.033 0.461684
1.034 0.52698
1.035 0.588412
1.036 0.645798
1.037 0.698994
1.038 0.747895
1.039 0.792424
1.04 0.83254
1.041 0.868228
1.042 0.899497
1.043 0.926384
1.044 0.948943
1.045 0.967248
1.046 0.981392
1.047 0.991478
1.048 0.997627
1.049 0.999968
1.05 0.99864
1.051 0.993789
1.052 0.985568
1.053 0.974136
1.054 0.959654
1.055 0.942286
1.056 0.9222
1.057 0.89956
1.058 0.874534
1.059 0.847286
1.06 0.817982
1.061 0.786781
1.062 0.753844
1.063 0.719325
1.064 0.683377
1.065 0.646147
1.066 0.607778
1.067 0.568411
1.068 0.528179
1.069 0.487211
1.07 0.445633
1.071 0.403563
1.072 0.361115
1.073 0.3184
1.074 0.275519
1.075 0.232573
1.076 0.189654
1.077 0.146852
1.078 0.104248
1.079 0.0619233
1.08 0.0199501
1.081 -0.0216023
1.082 -0.0626693
1.083 -0.103191
1.084 -0.143112
1.085 -0.18238
1.086 -0.220948
1.087 -0.258772
1.088 -0.295814
1.089 -0.332036
1.09 -0.367406
1.091 -0.401895
1.092 -0.435477
1.093 -0.468128
1.094 -0.499829
1.095 -0.530561
1.096 -0.560311
1.097 -0.589067
1.098 -0.616817
1.099 -0.643556
1.1 -0.669276
1.101 -0.693975
1.102 -0.717652
1.103 -0.740306
1.104 -0.761939
1.105 -0.782555
1.106 -0.802158
1.107 -0.820756
1.108 -0.838354
1.109 -0.854963
1.11 -0.870591
1.111 -0.88525
1.112 -0.898951
1.113 -0.911707
1.114 -0.923532
1.115 -0.934438
1.116 -0.944441
1.117 -0.953556
1.118 -0.961799
1.119 -0.969186
1.12 -0.975733
1.121 -0.981458
1.122 -0.986378
1.123 -0.990511
1.124 -0.993874
1.125 -0.996485
1.126 -0.998363
1.127 -0.999524
1.128 -0.999989
1.129 -0.999775
1.13 -0.9989
1.131 -0.997382
1.132 -0.995241
1.133 -0.992493
1.134 -0.989158
1.135 -0.985253
1.136 -0.980795
1.137 -0.975803
1.138 -0.970294
1.139 -0.964286
1.14 -0.957795
1.141 -0.950839
1.142 -0.943433
1.143 -0.935596
1.144 -0.927342
1.145 -0.918688
1.146 -0.90965
1.147 -0.900243
1.148 -0.890482
1.149 -0.880382
1.15 -0.869958
1.151 -0.859224
1.152 -0.848194
1.153 -0.836882
1.154 -0.825302
1.155 -0.813467
1.156 -0.801389
1.157 -0.789082
1.158 -0.776557
1.159 -0.763827
1.16 -0.750904
1.161 -0.737798
1.162 -0.724521
1.163 -0.711085
1.164 -0.697499
1.165 -0.683774
1.166 -0.66992
1.167 -0.655947
1.168 -0.641864
1.169 -0.62768
1.17 -0.613405
1.171 -0.599048
1.172 -0.584616
1.173 -0.570117
1.174 -0.555561
1.175 -0.540954
1.176 -0.526304
1.177 -0.511618
1.178 -0.496904
1.179 -0.482167
1.18 -0.467415
1.181 -0.452653
1.182 -0.437889
1.183 -0.423127
1.184 -0.408373
1.185 -0.393634
1.186 -0.378913
1.187 -0.364217
1.188 -0.349549
1.189 -0.334915
1.19 -0.32032
1.191 -0.305767
1.192 -0.291261
1.193 -0.276806
1.194 -0.262405
1.195 -0.248062
1.196 -0.233781
1.197 -0.219565
1.198 -0.205417
1.199 -0.19134
1.2 -0.177337
1.201 -0.163412
1.202 -0.149566
1.203 -0.135802
1.204 -0.122122
1.205 -0.108529
1.206 -0.0950245
1.207 -0.0816111
1.208 -0.0682903
1.209 -0.055064
1.21 -0.0419339
1.211 -0.0289015
1.212 -0.0159683
1.213 -0.00313577
1.214 0.00959492
1.215 0.0222225
1.216 0.034746
1.217 0.0471642
1.218 0.0594763
1.219 0.0716814
1.22 0.0837787
1.221 0.0957676
1.222 0.107647
1.223 0.119417
1.224 0.131077
1.225 0.142626
1.226 0.154065
1.227 0.165392
1.228 0.176607
1.229 0.187711
1.23 0.198703
1.231 0.209583
1.232 0.220351
1.233 0.231007
1.234 0.241551
1.235 0.251984
1.236 0.262304
1.237 0.272514
1.238 0.282612
1.239 0.292599
1.24 0.302475
1.241 0.312241
1.242 0.321897
1.243 0.331444
1.244 0.340881
1.245 0.35021
1.246 0.35943
1.247 0.368543
1.248 0.377549
1.249 0.386448
1.25 0.395241
1.251 0.403928
1.252 0.412511
1.253 0.42099
1.254 0.429365
1.255 0.437638
1.256 0.445808
1.257 0.453877
1.258 0.461846
1.259 0.469714
1.26 0.477484
1.261 0.485155
1.262 0.492728
1.263 0.500205
1.264 0.507585
1.265 0.514871
1.266 0.522061
1.267 0.529159
1.268 0.536163
1.269 0.543075
1.27 0.549897
1.271 0.556628
1.272 0.56327
1.273 0.569823
1.274 0.576288
1.275 0.582667
1.276 0.588959
1.277 0.595166
1.278 0.601289
1.279 0.607329
1.28 0.613286
1.281 0.619161
1.282 0.624956
1.283 0.63067
1.284 0.636305
1.285 0.641862
1.286 0.647342
1.287 0.652745
1.288 0.658072
1.289 0.663325
1.29 0.668503
1.291 0.673609
1.292 0.678642
1.293 0.683603
1.294 0.688494
1.295 0.693315
1.296 0.698067
1.297 0.702751
1.298 0.707367
1.299 0.711917
1.3 0.716401
1.301 0.72082
1.302 0.725175
1.303 0.729467
1.304 0.733696
1.305 0.737864
1.306 0.74197
1.307 0.746016
1.308 0.750003
1.309 0.753931
1.31 0.757801
1.311 0.761613
1.312 0.76537
1.313 0.76907
1.314 0.772715
1.315 0.776307
1.316 0.779844
1.317 0.783329
1.318 0.786761
1.319 0.790142
1.32 0.793472
1.321 0.796753
1.322 0.799983
1.323 0.803165
1.324 0.806299
1.325 0.809385
1.326 0.812424
1.327 0.815418
1.328 0.818365
1.329 0.821268
1.33 0.824127
1.331 0.826942
1.332 0.829713
1.333 0.832443
1.334 0.83513
1.335 0.837776
1.336 0.840382
1.337 0.842947
1.338 0.845473
1.339 0.84796
1.34 0.850408
1.341 0.852819
1.342 0.855192
1.343 0.857528
1.344 0.859828
1.345 0.862092
1.346 0.864321
1.347 0.866515
1.348 0.868675
1.349 0.870801
1.35 0.872894
1.351 0.874955
1.352 0.876983
1.353 0.878979
1.354 0.880944
1.355 0.882878
1.356 0.884781
1.357 0.886655
1.358 0.888499
1.359 0.890314
1.36 0.8921
1.361 0.893858
1.362 0.895588
1.363 0.897291
1.364 0.898967
1.365 0.900616
1.366 0.902239
1.367 0.903837
1.368 0.905408
1.369 0.906955
1.37 0.908478
1.371 0.909976
1.372 0.91145
1.373 0.9129
1.374 0.914328
1.375 0.915732
1.376 0.917114
1.377 0.918474
1.378 0.919813
1.379 0.921129
1.38 0.922425
1.381 0.9237
1.382 0.924954
1.383 0.926188
1.384 0.927403
1.385 0.928597
1.386 0.929773
1.387 0.930929
1.388 0.932067
1.389 0.933187
1.39 0.934288
1.391 0.935372
1.392 0.936438
1.393 0.937487
1.394 0.938519
1.395 0.939534
1.396 0.940533
1.397 0.941515
1.398 0.942482
1.399 0.943433
1.4 0.944368
1.401 0.945289
1.402 0.946194
1.403 0.947085
1.404 0.947961
1.405 0.948823
1.406 0.94967
1.407 0.950504
1.408 0.951325
1.409 0.952132
1.41 0.952926
1.411 0.953706
1.412 0.954474
1.413 0.95523
1.414 0.955973
1.415 0.956704
1.416 0.957423
1.417 0.958131
1.418 0.958826
1.419 0.959511
1.42 0.960184
1.421 0.960846
1.422 0.961497
1.423 0.962137
1.424 0.962767
1.425 0.963387
1.426 0.963996
1.427 0.964596
1.428 0.965185
1.429 0.965765
1.43 0.966336
1.431 0.966897
1.432 0.967448
1.433 0.967991
1.434 0.968524
1.435 0.969049
1.436 0.969566
1.437 0.970073
1.438 0.970573
1.439 0.971064
1.44 0.971547
1.441 0.972022
1.442 0.972489
1.443 0.972948
1.444 0.9734
1.445 0.973844
1.446 0.974281
1.447 0.974711
1.448 0.975134
1.449 0.975549
1.45 0.975958
1.451 0.97636
1.452 0.976755
1.453 0.977144
1.454 0.977526
1.455 0.977902
1.456 0.978272
1.457 0.978636
1.458 0.978993
1.459 0.979345
1.46 0.979691
1.461 0.980031
1.462 0.980365
1.463 0.980694
1.464 0.981018
1.465 0.981336
1.466 0.981648
1.467 0.981956
1.468 0.982258
1.469 0.982556
1.47 0.982848
1.471 0.983135
1.472 0.983418
1.473 0.983696
1.474 0.98397
1.475 0.984239
1.476 0.984503
1.477 0.984763
1.478 0.985019
1.479 0.98527
1.48 0.985517
1.481 0.98576
1.482 0.985999
1.483 0.986234
1.484 0.986465
1.485 0.986692
1.486 0.986916
1.487 0.987136
1.488 0.987352
1.489 0.987564
1.49 0.987773
1.491 0.987978
1.492 0.98818
1.493 0.988379
1.494 0.988574
1.495 0.988766
1.496 0.988955
1.497 0.98914
1.498 0.989323
1.499 0.989502
1.5 0.989679
1.501 0.989852
1.502 0.990023
1.503 0.990191
1.504 0.990356
1.505 0.990518
1.506 0.990677
1.507 0.990834
1.508 0.990988
1.509 0.99114
1.51 0.991289
1.511 0.991435
1.512 0.991579
1.513 0.991721
1.514 0.99186
1.515 0.991997
1.516 0.992132
1.517 0.992264
1.518 0.992395
1.519 0.992523
1.52 0.992648
1.521 0.992772
1.522 0.992894
1.523 0.993013
1.524 0.993131
1.525 0.993247
1.526 0.99336
1.527 0.993472
1.528 0.993582
1.529 0.99369
1.53 0.993796
1.531 0.993901
1.532 0.994004
1.533 0.994105
1.534 0.994204
1.535 0.994301
1.536 0.994397
1.537 0.994492
1.538 0.994585
1.539 0.994676
1.54 0.994765
1.541 0.994854
1.542 0.99494
1.543 0.995026
1.544 0.995109
1.545 0.995192
1.546 0.995273
1.547 0.995352
1.548 0.995431
1.549 0.995508
1.55 0.995583
1.551 0.995658
1.552 0.995731
1.553 0.995803
1.554 0.995874
1.555 0.995943
1.556 0.996012
1.557 0.996079
1.558 0.996145
1.559 0.99621
1.56 0.996274
1.561 0.996337
1.562 0.996398
1.563 0.996459
1.564 0.996519
1.565 0.996577
1.566 0.996635
1.567 0.996692
1.568 0.996747
1.569 0.996802
1.57 0.996856
1.571 0.996909
1.572 0.996961
1.573 0.997013
1.574 0.997063
1.575 0.997112
1.576 0.997161
1.577 0.997209
1.578 0.997256
1.579 0.997302
1.58 0.997348
1.581 0.997392
1.582 0.997436
1.583 0.99748
1.584 0.997522
1.585 0.997564
1.586 0.997605
1.587 0.997645
1.588 0.997685
1.589 0.997724
1.59 0.997762
1.591 0.9978
1.592 0.997837
1.593 0.997874
1.594 0.99791
1.595 0.997945
1.596 0.997979
1.597 0.998013
1.598 0.998047
1.599 0.99808
1.6 0.998112
1.601 0.998144
1.602 0.998175
1.603 0.998206
1.604 0.998236
1.605 0.998266
1.606 0.998295
1.607 0.998324
1.608 0.998352
1.609 0.99838
1.61 0.998407
1.611 0.998434
1.612 0.998461
1.613 0.998487
1.614 0.998512
1.615 0.998537
1.616 0.998562
1.617 0.998586
1.618 0.99861
1.619 0.998633
1.62 0.998656
1.621 0.998679
1.622 0.998701
1.623 0.998723
1.624 0.998745
1.625 0.998766
1.626 0.998787
1.627 0.998807
1.628 0.998827
1.629 0.998847
1.63 0.998866
1.631 0.998886
1.632 0.998904
1.633 0.998923
1.634 0.998941
1.635 0.998959
1.636 0.998976
1.637 0.998994
1.638 0.999011
1.639 0.999027
1.64 0.999044
1.641 0.99906
1.642 0.999076
1.643 0.999091
1.644 0.999107
1.645 0.999122
1.646 0.999136
1.647 0.999151
1.648 0.999165
1.649 0.999179
1.65 0.999193
1.651 0.999207
1.652 0.99922
1.653 0.999233
1.654 0.999246
1.655 0.999259
1.656 0.999271
1.657 0.999284
1.658 0.999296
1.659 0.999308
1.66 0.999319
1.661 0.999331
1.662 0.999342
1.663 0.999353
1.664 0.999364
1.665 0.999375
1.666 0.999385
1.667 0.999396
1.668 0.999406
1.669 0.999416
1.67 0.999426
1.671 0.999435
1.672 0.999445
1.673 0.999454
1.674 0.999463
1.675 0.999472
1.676 0.999481
1.677 0.99949
1.678 0.999499
1.679 0.999507
1.68 0.999515
1.681 0.999523
1.682 0.999531
1.683 0.999539
1.684 0.999547
1.685 0.999555
1.686 0.999562
1.687 0.99957
1.688 0.999577
1.689 0.999584
1.69 0.999591
1.691 0.999598
1.692 0.999605
1.693 0.999611
1.694 0.999618
1.695 0.999624
1.696 0.999631
1.697 0.999637
1.698 0.999643
1.699 0.999649
1.7 0.999655
1.701 0.999661
1.702 0.999666
1.703 0.999672
1.704 0.999678
1.705 0.999683
1.706 0.999688
1.707 0.999694
1.708 0.999699
1.709 0.999704
1.71 0.999709
1.711 0.999714
1.712 0.999718
1.713 0.999723
1.714 0.999728
1.715 0.999732
1.716 0.999737
1.717 0.999741
1.718 0.999746
1.719 0.99975
1.72 0.999754
1.721 0.999758
1.722 0.999762
1.723 0.999766
1.724 0.99977
1.725 0.999774
1.726 0.999778
1.727 0.999782
1.728 0.999785
1.729 0.999789
1.73 0.999793
1.731 0.999796
1.732 0.999799
1.733 0.999803
1.734 0.999806
1.735 0.999809
1.736 0.999813
1.737 0.999816
1.738 0.999819
1.739 0.999822
1.74 0.999825
1.741 0.999828
1.742 0.999831
1.743 0.999834
1.744 0.999836
1.745 0.999839
1.746 0.999842
1.747 0.999845
1.748 0.999847
1.749 0.99985
1.75 0.999852
1.751 0.999855
1.752 0.999857
1.753 0.99986
1.754 0.999862
1.755 0.999864
1.756 0.999867
1.757 0.999869
1.758 0.999871
1.759 0.999873
1.76 0.999875
1.761 0.999877
1.762 0.999879
1.763 0.999881
1.764 0.999883
1.765 0.999885
1.766 0.999887
1.767 0.999889
1.768 0.999891
1.769 0.999893
1.77 0.999895
1.771 0.999896
1.772 0.999898
1.773 0.9999
1.774 0.999902
1.775 0.999903
1.776 0.999905
1.777 0.999906
1.778 0.999908
1.779 0.99991
1.78 0.999911
1.781 0.999913
1.782 0.999914
1.783 0.999916
1.784 0.999917
1.785 0.999918
1.786 0.99992
1.787 0.999921
1.788 0.999922
1.789 0.999924
1.79 0.999925
1.791 0.999926
1.792 0.999927
1.793 0.999929
1.794 0.99993
1.795 0.999931
1.796 0.999932
1.797 0.999933
1.798 0.999934
1.799 0.999936
1.8 0.999937
1.801 0.999938
1.802 0.999939
1.803 0.99994
1.804 0.999941
1.805 0.999942
1.806 0.999943
1.807 0.999944
1.808 0.999945
1.809 0.999946
1.81 0.999947
1.811 0.999947
1.812 0.999948
1.813 0.999949
1.814 0.99995
1.815 0.999951
1.816 0.999952
1.817 0.999952
1.818 0.999953
1.819 0.999954
1.82 0.999955
1.821 0.999956
1.822 0.999956
1.823 0.999957
1.824 0.999958
1.825 0.999959
1.826 0.999959
1.827 0.99996
1.828 0.999961
1.829 0.999961
1.83 0.999962
1.831 0.999963
1.832 0.999963
1.833 0.999964
1.834 0.999964
1.835 0.999965
1.836 0.999966
1.837 0.999966
1.838 0.999967
1.839 0.999967
1.84 0.999968
1.841 0.999968
1.842 0.999969
1.843 0.999969
1.844 0.99997
1.845 0.99997
1.846 0.999971
1.847 0.999971
1.848 0.999972
1.849 0.999972
1.85 0.999973
1.851 0.999973
1.852 0.999974
1.853 0.999974
1.854 0.999975
1.855 0.999975
1.856 0.999975
1.857 0.999976
1.858 0.999976
1.859 0.999977
1.86 0.999977
1.861 0.999977
1.862 0.999978
1.863 0.999978
1.864 0.999979
1.865 0.999979
1.866 0.999979
1.867 0.99998
1.868 0.99998
1.869 0.99998
1.87 0.999981
1.871 0.999981
1.872 0.999981
1.873 0.999982
1.874 0.999982
1.875 0.999982
1.876 0.999982
1.877 0.999983
1.878 0.999983
1.879 0.999983
1.88 0.999984
1.881 0.999984
1.882 0.999984
1.883 0.999984
1.884 0.999985
1.885 0.999985
1.886 0.999985
1.887 0.999985
1.888 0.999986
1.889 0.999986
1.89 0.999986
1.891 0.999986
1.892 0.999987
1.893 0.999987
1.894 0.999987
1.895 0.999987
1.896 0.999988
1.897 0.999988
1.898 0.999988
1.899 0.999988
1.9 0.999988
1.901 0.999989
1.902 0.999989
1.903 0.999989
1.904 0.999989
1.905 0.999989
1.906 0.999989
1.907 0.99999
1.908 0.99999
1.909 0.99999
1.91 0.99999
1.911 0.99999
1.912 0.99999
1.913 0.999991
1.914 0.999991
1.915 0.999991
1.916 0.999991
1.917 0.999991
1.918 0.999991
1.919 0.999992
1.92 0.999992
1.921 0.999992
1.922 0.999992
1.923 0.999992
1.924 0.999992
1.925 0.999992
1.926 0.999992
1.927 0.999993
1.928 0.999993
1.929 0.999993
1.93 0.999993
1.931 0.999993
1.932 0.999993
1.933 0.999993
1.934 0.999993
1.935 0.999994
1.936 0.999994
1.937 0.999994
1.938 0.999994
1.939 0.999994
1.94 0.999994
1.941 0.999994
1.942 0.999994
1.943 0.999994
1.944 0.999994
1.945 0.999995
1.946 0.999995
1.947 0.999995
1.948 0.999995
1.949 0.999995
1.95 0.999995
1.951 0.999995
1.952 0.999995
1.953 0.999995
1.954 0.999995
1.955 0.999995
1.956 0.999995
1.957 0.999996
1.958 0.999996
1.959 0.999996
1.96 0.999996
1.961 0.999996
1.962 0.999996
1.963 0.999996
1.964 0.999996
1.965 0.999996
1.966 0.999996
1.967 0.999996
1.968 0.999996
1.969 0.999996
1.97 0.999996
1.971 0.999996
1.972 0.999997
1.973 0.999997
1.974 0.999997
1.975 0.999997
1.976 0.999997
1.977 0.999997
1.978 0.999997
1.979 0.999997
1.98 0.999997
1.981 0.999997
1.982 0.999997
1.983 0.999997
1.984 0.999997
1.985 0.999997
1.986 0.999997
1.987 0.999997
1.988 0.999997
1.989 0.999997
1.99 0.999997
1.991 0.999997
1.992 0.999998
1.993 0.999998
1.994 0.999998
1.995 0.999998
1.996 0.999998
1.997 0.999998
1.998 0.999998
1.999 0.999998
2 0.999998
2.001 0.999998
2.002 0.999998
2.003 0.999998
2.004 0.999998
2.005 0.999998
2.006 0.999998
2.007 0.999998
2.008 0.999998
2.009 0.999998
2.01 0.999998
2.011 0.999998
2.012 0.999998
2.013 0.999998
2.014 0.999998
2.015 0.999998
2.016 0.999998
2.017 0.999998
2.018 0.999998
2.019 0.999998
2.02 0.999998
2.021 0.999998
2.022 0.999999
2.023 0.999999
2.024 0.999999
2.025 0.999999
2.026 0.999999
2.027 0.999999
2.028 0.999999
2.029 0.999999
2.03 0.999999
2.031 0.999999
2.032 0.999999
2.033 0.999999
2.034 0.999999
2.035 0.999999
2.036 0.999999
2.037 0.999999
2.038 0.999999
2.039 0.999999
2.04 0.999999
2.041 0.999999
2.042 0.999999
2.043 0.999999
2.044 0.999999
2.045 0.999999
2.046 0.999999
2.047 0.999999
2.048 0.999999
2.049 0.999999
2.05 0.999999
2.051 0.999999
2.052 0.999999
2.053 0.999999
2.054 0.999999
2.055 0.999999
2.056 0.999999
2.057 0.999999
2.058 0.999999
2.059 0.999999
2.06 0.999999
2.061 0.999999
2.062 0.999999
2.063 0.999999
2.064 0.999999
2.065 0.999999
2.066 0.999999
2.067 0.999999
2.068 0.999999
2.069 0.999999
2.07 0.999999
2.071 0.999999
2.072 0.999999
2.073 0.999999
2.074 0.999999
2.075 0.999999
2.076 0.999999
2.077 0.999999
2.078 0.999999
2.079 0.999999
2.08 0.999999
2.081 0.999999
2.082 0.999999
2.083 0.999999
2.084 0.999999
2.085 0.999999
2.086 0.999999
2.087 1
2.088 1
2.089 1
2.09 1
2.091 1
2.092 1
2.093 1
2.094 1
2.095 1
2.096 1
2.097 1
2.098 1
2.099 1
2.1 1
2.101 1
2.102 1
2.103 1
2.104 1
2.105 1
2.106 1
2.107 1
2.108 1
2.109 1
2.11 1
2.111 1
2.112 1
2.113 1
2.114 1
2.115 1
2.116 1
2.117 1
2.118 1
2.119 1
2.12 1
2.121 1
2.122 1
2.123 1
2.124 1
2.125 1
2.126 1
2.127 1
2.128 1
2.129 1
2.13 1
2.131 1
2.132 1
2.133 1
2.134 1
2.135 1
2.136 1
2.137 1
2.138 1
2.139 1
2.14 1
2.141 1
2.142 1
2.143 1
2.144 1
2.145 1
2.146 1
2.147 1
2.148 1
2.149 1
2.15 1
2.151 1
2.152 1
2.153 1
2.154 1
2.155 1
2.156 1
2.157 1
2.158 1
2.159 1
2.16 1
2.161 1
2.162 1
2.163 1
2.164 1
2.165 1
2.166 1
2.167 1
2.168 1
2.169 1
2.17 1
2.171 1
2.172 1
2.173 1
2.174 1
2.175 1
2.176 1
2.177 1
2.178 1
2.179 1
2.18 1
2.181 1
2.182 1
2.183 1
2.184 1
2.185 1
2.186 1
2.187 1
2.188 1
2.189 1
2.19 1
2.191 1
2.192 1
2.193 1
2.194 1
2.195 1
2.196 1
2.197 1
2.198 1
2.199 1
2.2 1
2.201 1
2.202 1
2.203 1
2.204 1
2.205 1
2.206 1
2.207 1
2.208 1
2.209 1
2.21 1
2.211 1
2.212 1
2.213 1
2.214 1
2.215 1
2.216 1
2.217 1
2.218 1
2.219 1
2.22 1
2.221 1
2.222 1
2.223 1
2.224 1
2.225 1
2.226 1
2.227 1
2.228 1
2.229 1
2.23 1
2.231 1
2.232 1
2.233 1
2.234 1
2.235 1
2.236 1
2.237 1
2.238 1
2.239 1
2.24 1
2.241 1
2.242 1
2.243 1
2.244 1
2.245 1
2.246 1
2.247 1
2.248 1
2.249 1
2.25 1
2.251 1
2.252 1
2.253 1
2.254 1
2.255 1
2.256 1
2.257 1
2.258 1
2.259 1
2.26 1
2.261 1
2.262 1
2.263 1
2.264 1
2.265 1
2.266 1
2.267 1
2.268 1
2.269 1
2.27 1
2.271 1
2.272 1
2.273 1
2.274 1
2.275 1
2.276 1
2.277 1
2.278 1
2.279 1
2.28 1
2.281 1
2.282 1
2.283 1
2.284 1
2.285 1
2.286 1
2.287 1
2.288 1
2.289 1
2.29 1
2.291 1
2.292 1
2.293 1
2.294 1
2.295 1
2.296 1
2.297 1
2.298 1
2.299 1
2.3 1
2.301 1
2.302 1
2.303 1
2.304 1
2.305 1
2.306 1
2.307 1
2.308 1
2.309 1
2.31 1
2.311 1
2.312 1
2.313 1
2.314 1
2.315 1
2.316 1
2.317 1
2.318 1
2.319 1
2.32 1
2.321 1
2.322 1
2.323 1
2.324 1
2.325 1
2.326 1
2.327 1
2.328 1
2.329 1
2.33 1
2.331 1
2.332 1
2.333 1
2.334 1
2.335 1
2.336 1
2.337 1
2.338 1
2.339 1
2.34 1
2.341 1
2.342 1
2.343 1
2.344 1
2.345 1
2.346 1
2.347 1
2.348 1
2.349 1
2.35 1
2.351 1
2.352 1
2.353 1
2.354 1
2.355 1
2.356 1
2.357 1
2.358 1
2.359 1
2.36 1
2.361 1
2.362 1
2.363 1
2.364 1
2.365 1
2.366 1
2.367 1
2.368 1
2.369 1
2.37 1
2.371 1
2.372 1
2.373 1
2.374 1
2.375 1
2.376 1
2.377 1
2.378 1
2.379 1
2.38 1
2.381 1
2.382 1
2.383 1
2.384 1
2.385 1
2.386 1
2.387 1
2.388 1
2.389 1
2.39 1
2.391 1
2.392 1
2.393 1
2.394 1
2.395 1
2.396 1
2.397 1
2.398 1
2.399 1
2.4 1
2.401 1
2.402 1
2.403 1
2.404 1
2.405 1
2.406 1
2.407 1
2.408 1
2.409 1
2.41 1
2.411 1
2.412 1
2.413 1
2.414 1
2.415 1
2.416 1
2.417 1
2.418 1
2.419 1
2.42 1
2.421 1
2.422 1
2.423 1
2.424 1
2.425 1
2.426 1
2.427 1
2.428 1
2.429 1
2.43 1
2.431 1
2.432 1
2.433 1
2.434 1
2.435 1
2.436 1
2.437 1
2.438 1
2.439 1
2.44 1
2.441 1
2.442 1
2.443 1
2.444 1
2.445 1
2.446 1
2.447 1
2.448 1
2.449 1
2.45 1
2.451 1
2.452 1
2.453 1
2.454 1
2.455 1
2.456 1
2.457 1
2.458 1
2.459 1
2.46 1
2.461 1
2.462 1
2.463 1
2.464 1
2.465 1
2.466 1
2.467 1
2.468 1
2.469 1
2.47 1
2.471 1
2.472 1
2.473 1
2.474 1
2.475 1
2.476 1
2.477 1
2.478 1
2.479 1
2.48 1
2.481 1
2.482 1
2.483 1
2.484 1
2.485 1
2.486 1
2.487 1
2.488 1
2.489 1
2.49 1
2.491 1
2.492 1
2.493 1
2.494 1
2.495 1
2.496 1
2.497 1
2.498 1
2.499 1
2.5 1
2.501 1
2.502 1
2.503 1
2.504 1
2.505 1
2.506 1
2.507 1
2.508 1
2.509 1
2.51 1
2.511 1
2.512 1
2.513 1
2.514 1
2.515 1
2.516 1
2.517 1
2.518 1
2.519 1
2.52 1
2.521 1
2.522 1
2.523 1
2.524 1
2.525 1
2.526 1
2.527 1
2.528 1
2.529 1
2.53 1
2.531 1
2.532 1
2.533 1
2.534 1
2.535 1
2.536 1
2.537 1
2.538 1
2.539 1
2.54 1
2.541 1
2.542 1
2.543 1
2.544 1
2.545 1
2.546 1
2.547 1
2.548 1
2.549 1
2.55 1
2.551 1
2.552 1
2.553 1
2.554 1
2.555 1
2.556 1
2.557 1
2.558 1
2.559 1
2.56 1
2.561 1
2.562 1
2.563 1
2.564 1
2.565 1
2.566 1
2.567 1
2.568 1
2.569 1
2.57 1
2.571 1
2.572 1
2.573 1
2.574 1
2.575 1
2.576 1
2.577 1
2.578 1
2.579 1
2.58 1
2.581 1
2.582 1
2.583 1
2.584 1
2.585 1
2.586 1
2.587 1
2.588 1
2.589 1
2.59 1
2.591 1
2.592 1
2.593 1
2.594 1
2.595 1
2.596 1
2.597 1
2.598 1
2.599 1
2.6 1
2.601 1
2.602 1
2.603 1
2.604 1
2.605 1
2.606 1
2.607 1
2.608 1
2.609 1
2.61 1
2.611 1
2.612 1
2.613 1
2.614 1
2.615 1
2.616 1
2.617 1
2.618 1
2.619 1
2.62 1
2.621 1
2.622 1
2.623 1
2.624 1
2.625 1
2.626 1
2.627 1
2.628 1
2.629 1
2.63 1
2.631 1
2.632 1
2.633 1
2.634 1
2.635 1
2.636 1
2.637 1
2.638 1
2.639 1
2.64 1
2.641 1
2.642 1
2.643 1
2.644 1
2.645 1
2.646 1
2.647 1
2.648 1
2.649 1
2.65 1
2.651 1
2.652 1
2.653 1
2.654 1
2.655 1
2.656 1
2.657 1
2.658 1
2.659 1
2.66 1
2.661 1
2.662 1
2.663 1
2.664 1
2.665 1
2.666 1
2.667 1
2.668 1
2.669 1
2.67 1
2.671 1
2.672 1
2.673 1
2.674 1
2.675 1
2.676 1
2.677 1
2.678 1
2.679 1
2.68 1
2.681 1
2.682 1
2.683 1
2.684 1
2.685 1
2.686 1
2.687 1
2.688 1
2.689 1
2.69 1
2.691 1
2.692 1
2.693 1
2.694 1
2.695 1
2.696 1
2.697 1
2.698 1
2.699 1
2.7 1
2.701 1
2.702 1
2.703 1
2.704 1
2.705 1
2.706 1
2.707 1
2.708 1
2.709 1
2.71 1
2.711 1
2.712 1
2.713 1
2.714 1
2.715 1
2.716 1
2.717 1
2.718 1
2.719 1
2.72 1
2.721 1
2.722 1
2.723 1
2.724 1
2.725 1
2.726 1
2.727 1
2.728 1
2.729 1
2.73 1
2.731 1
2.732 1
2.733 1
2.734 1
2.735 1
2.736 1
2.737 1
2.738 1
2.739 1
2.74 1
2.741 1
2.742 1
2.743 1
2.744 1
2.745 1
2.746 1
2.747 1
2.748 1
2.749 1
2.75 1
2.751 1
2.752 1
2.753 1
2.754 1
2.755 1
2.756 1
2.757 1
2.758 1
2.759 1
2.76 1
2.761 1
2.762 1
2.763 1
2.764 1
2.765 1
2.766 1
2.767 1
2.768 1
2.769 1
2.77 1
2.771 1
2.772 1
2.773 1
2.774 1
2.775 1
2.776 1
2.777 1
2.778 1
2.779 1
2.78 1
2.781 1
2.782 1
2.783 1
2.784 1
2.785 1
2.786 1
2.787 1
2.788 1
2.789 1
2.79 1
2.791 1
2.792 1
2.793 1
2.794 1
2.795 1
2.796 1
2.797 1
2.798 1
2.799 1
2.8 1
2.801 1
2.802 1
2.803 1
2.804 1
2.805 1
2.806 1
2.807 1
2.808 1
2.809 1
2.81 1
2.811 1
2.812 1
2.813 1
2.814 1
2.815 1
2.816 1
2.817 1
2.818 1
2.819 1
2.82 1
2.821 1
2.822 1
2.823 1
2.824 1
2.825 1
2.826 1
2.827 1
2.828 1
2.829 1
2.83 1
2.831 1
2.832 1
2.833 1
2.834 1
2.835 1
2.836 1
2.837 1
2.838 1
2.839 1
2.84 1
2.841 1
2.842 1
2.843 1
2.844 1
2.845 1
2.846 1
2.847 1
2.848 1
2.849 1
2.85 1
2.851 1
2.852 1
2.853 1
2.854 1
2.855 1
2.856 1
2.857 1
2.858 1
2.859 1
2.86 1
2.861 1
2.862 1
2.863 1
2.864 1
2.865 1
2.866 1
2.867 1
2.868 1
2.869 1
2.87 1
2.871 1
2.872 1
2.873 1
2.874 1
2.875 1
2.876 1
2.877 1
2.878 1
2.879 1
2.88 1
2.881 1
2.882 1
2.883 1
2.884 1
2.885 1
2.886 1
2.887 1
2.888 1
2.889 1
2.89 1
2.891 1
2.892 1
2.893 1
2.894 1
2.895 1
2.896 1
2.897 1
2.898 1
2.899 1
2.9 1
2.901 1
2.902 1
2.903 1
2.904 1
2.905 1
2.906 1
2.907 1
2.908 1
2.909 1
2.91 1
2.911 1
2.912 1
2.913 1
2.914 1
2.915 1
2.916 1
2.917 1
2.918 1
2.919 1
2.92 1
2.921 1
2.922 1
2.923 1
2.924 1
2.925 1
2.926 1
2.927 1
2.928 1
2.929 1
2.93 1
2.931 1
2.932 1
2.933 1
2.934 1
2.935 1
2.936 1
2.937 1
2.938 1
2.939 1
2.94 1
2.941 1
2.942 1
2.943 1
2.944 1
2.945 1
2.946 1
2.947 1
2.948 1
2.949 1
2.95 1
2.951 1
2.952 1
2.953 1
2.954 1
2.955 1
2.956 1
2.957 1
2.958 1
2.959 1
2.96 1
2.961 1
2.962 1
2.963 1
2.964 1
2.965 1
2.966 1
2.967 1
2.968 1
2.969 1
2.97 1
2.971 1
2.972 1
2.973 1
2.974 1
2.975 1
2.976 1
2.977 1
2.978 1
2.979 1
2.98 1
2.981 1
2.982 1
2.983 1
2.984 1
2.985 1
2.986 1
2.987 1
2.988 1
2.989 1
2.99 1
2.991 1
2.992 1
2.993 1
2.994 1
2.995 1
2.996 1
2.997 1
2.998 1
2.999 1
3 1
3.001 1
3.002 1
3.003 1
3.004 1
3.005 1
3.006 1
3.007 1
3.008 1
3.009 1
3.01 1
3.011 1
3.012 1
3.013 1
3.014 1
3.015 1
3.016 1
3.017 1
3.018 1
3.019 1
3.02 1
3.021 1
3.022 1
3.023 1
3.024 1
3.025 1
3.026 1
3.027 1
3.028 1
3.029 1
3.03 1
3.031 1
3.032 1
3.033 1
3.034 1
3.035 1
3.036 1
3.037 1
3.038 1
3.039 1
3.04 1
3.041 1
3.042 1
3.043 1
3.044 1
3.045 1
3.046 1
3.047 1
3.048 1
3.049 1
3.05 1
3.051 1
3.052 1
3.053 1
3.054 1
3.055 1
3.056 1
3.057 1
3.058 1
3.059 1
3.06 1
3.061 1
3.062 1
3.063 1
3.064 1
3.065 1
3.066 1
3.067 1
3.068 1
3.069 1
3.07 1
3.071 1
3.072 1
3.073 1
3.074 1
3.075 1
3.076 1
3.077 1
3.078 1
3.079 1
3.08 1
3.081 1
3.082 1
3.083 1
3.084 1
3.085 1
3.086 1
3.087 1
3.088 1
3.089 1
3.09 1
3.091 1
3.092 1
3.093 1
3.094 1
3.095 1
3.096 1
3.097 1
3.098 1
3.099 1
3.1 1
3.101 1
3.102 1
3.103 1
3.104 1
3.105 1
3.106 1
3.107 1
3.108 1
3.109 1
3.11 1
3.111 1
3.112 1
3.113 1
3.114 1
3.115 1
3.116 1
3.117 1
3.118 1
3.119 1
3.12 1
3.121 1
3.122 1
3.123 1
3.124 1
3.125 1
3.126 1
3.127 1
3.128 1
3.129 1
3.13 1
3.131 1
3.132 1
3.133 1
3.134 1
3.135 1
3.136 1
3.137 1
3.138 1
3.139 1
3.14 1
3.141 1
3.142 1
3.143 1
3.144 1
3.145 1
3.146 1
3.147 1
3.148 1
3.149 1
3.15 1
3.151 1
3.152 1
3.153 1
3.154 1
3.155 1
3.156 1
3.157 1
3.158 1
3.159 1
3.16 1
3.161 1
3.162 1
3.163 1
3.164 1
3.165 1
3.166 1
3.167 1
3.168 1
3.169 1
3.17 1
3.171 1
3.172 1
3.173 1
3.174 1
3.175 1
3.176 1
3.177 1
3.178 1
3.179 1
3.18 1
3.181 1
3.182 1
3.183 1
3.184 1
3.185 1
3.186 1
3.187 1
3.188 1
3.189 1
3.19 1
3.191 1
3.192 1
3.193 1
3.194 1
3.195 1
3.196 1
3.197 1
3.198 1
3.199 1
3.2 1
3.201 1
3.202 1
3.203 1
3.204 1
3.205 1
3.206 1
3.207 1
3.208 1
3.209 1
3.21 1
3.211 1
3.212 1
3.213 1
3.214 1
3.215 1
3.216 1
3.217 1
3.218 1
3.219 1
3.22 1
3.221 1
3.222 1
3.223 1
3.224 1
3.225 1
3.226 1
3.227 1
3.228 1
3.229 1
3.23 1
3.231 1
3.232 1
3.233 1
3.234 1
3.235 1
3.236 1
3.237 1
3.238 1
3.239 1
3.24 1
3.241 1
3.242 1
3.243 1
3.244 1
3.245 1
3.246 1
3.247 1
3.248 1
3.249 1
3.25 1
3.251 1
3.252 1
3.253 1
3.254 1
3.255 1
3.256 1
3.257 1
3.258 1
3.259 1
3.26 1
3.261 1
3.262 1
3.263 1
3.264 1
3.265 1
3.266 1
3.267 1
3.268 1
3.269 1
3.27 1
3.271 1
3.272 1
3.273 1
3.274 1
3.275 1
3.276 1
3.277 1
3.278 1
3.279 1
3.28 1
3.281 1
3.282 1
3.283 1
3.284 1
3.285 1
3.286 1
3.287 1
3.288 1
3.289 1
3.29 1
3.291 1
3.292 1
3.293 1
3.294 1
3.295 1
3.296 1
3.297 1
3.298 1
3.299 1
3.3 1
3.301 1
3.302 1
3.303 1
3.304 1
3.305 1
3.306 1
3.307 1
3.308 1
3.309 1
3.31 1
3.311 1
3.312 1
3.313 1
3.314 1
3.315 1
3.316 1
3.317 1
3.318 1
3.319 1
3.32 1
3.321 1
3.322 1
3.323 1
3.324 1
3.325 1
3.326 1
3.327 1
3.328 1
3.329 1
3.33 1
3.331 1
3.332 1
3.333 1
3.334 1
3.335 1
3.336 1
3.337 1
3.338 1
3.339 1
3.34 1
3.341 1
3.342 1
3.343 1
3.344 1
3.345 1
3.346 1
3.347 1
3.348 1
3.349 1
3.35 1
3.351 1
3.352 1
3.353 1
3.354 1
3.355 1
3.356 1
3.357 1
3.358 1
3.359 1
3.36 1
3.361 1
3.362 1
3.363 1
3.364 1
3.365 1
3.366 1
3.367 1
3.368 1
3.369 1
3.37 1
3.371 1
3.372 1
3.373 1
3.374 1
3.375 1
3.376 1
3.377 1
3.378 1
3.379 1
3.38 1
3.381 1
3.382 1
3.383 1
3.384 1
3.385 1
3.386 1
3.387 1
3.388 1
3.389 1
3.39 1
3.391 1
3.392 1
3.393 1
3.394 1
3.395 1
3.396 1
3.397 1
3.398 1
3.399 1
3.4 1
3.401 1
3.402 1
3.403 1
3.404 1
3.405 1
3.406 1
3.407 1
3.408 1
3.409 1
3.41 1
3.411 1
3.412 1
3.413 1
3.414 1
3.415 1
3.416 1
3.417 1
3.418 1
3.419 1
3.42 1
3.421 1
3.422 1
3.423 1
3.424 1
3.425 1
3.426 1
3.427 1
3.428 1
3.429 1
3.43 1
3.431 1
3.432 1
3.433 1
3.434 1
3.435 1
3.436 1
3.437 1
3.438 1
3.439 1
3.44 1
3.441 1
3.442 1
3.443 1
3.444 1
3.445 1
3.446 1
3.447 1
3.448 1
3.449 1
3.45 1
3.451 1
3.452 1
3.453 1
3.454 1
3.455 1
3.456 1
3.457 1
3.458 1
3.459 1
3.46 1
3.461 1
3.462 1
3.463 1
3.464 1
3.465 1
3.466 1
3.467 1
3.468 1
3.469 1
3.47 1
3.471 1
3.472 1
3.473 1
3.474 1
3.475 1
3.476 1
3.477 1
3.478 1
3.479 1
3.48 1
3.481 1
3.482 1
3.483 1
3.484 1
3.485 1
3.486 1
3.487 1
3.488 1
3.489 1
3.49 1
3.491 1
3.492 1
3.493 1
3.494 1
3.495 1
3.496 1
3.497 1
3.498 1
3.499 1
3.5 1
3.501 1
3.502 1
3.503 1
3.504 1
3.505 1
3.506 1
3.507 1
3.508 1
3.509 1
3.51 1
3.511 1
3.512 1
3.513 1
3.514 1
3.515 1
3.516 1
3.517 1
3.518 1
3.519 1
3.52 1
3.521 1
3.522 1
3.523 1
3.524 1
3.525 1
3.526 1
3.527 1
3.528 1
3.529 1
3.53 1
3.531 1
3.532 1
3.533 1
3.534 1
3.535 1
3.536 1
3.537 1
3.538 1
3.539 1
3.54 1
3.541 1
3.542 1
3.543 1
3.544 1
3.545 1
3.546 1
3.547 1
3.548 1
3.549 1
3.55 1
3.551 1
3.552 1
3.553 1
3.554 1
3.555 1
3.556 1
3.557 1
3.558 1
3.559 1
3.56 1
3.561 1
3.562 1
3.563 1
3.564 1
3.565 1
3.566 1
3.567 1
3.568 1
3.569 1
3.57 1
3.571 1
3.572 1
3.573 1
3.574 1
3.575 1
3.576 1
3.577 1
3.578 1
3.579 1
3.58 1
3.581 1
3.582 1
3.583 1
3.584 1
3.585 1
3.586 1
3.587 1
3.588 1
3.589 1
3.59 1
3.591 1
3.592 1
3.593 1
3.594 1
3.595 1
3.596 1
3.597 1
3.598 1
3.599 1
3.6 1
3.601 1
3.602 1
3.603 1
3.604 1
3.605 1
3.606 1
3.607 1
3.608 1
3.609 1
3.61 1
3.611 1
3.612 1
3.613 1
3.614 1
3.615 1
3.616 1
3.617 1
3.618 1
3.619 1
3.62 1
3.621 1
3.622 1
3.623 1
3.624 1
3.625 1
3.626 1
3.627 1
3.628 1
3.629 1
3.63 1
3.631 1
3.632 1
3.633 1
3.634 1
3.635 1
3.636 1
3.637 1
3.638 1
3.639 1
3.64 1
3.641 1
3.642 1
3.643 1
3.644 1
3.645 1
3.646 1
3.647 1
3.648 1
3.649 1
3.65 1
3.651 1
3.652 1
3.653 1
3.654 1
3.655 1
3.656 1
3.657 1
3.658 1
3.659 1
3.66 1
3.661 1
3.662 1
3.663 1
3.664 1
3.665 1
3.666 1
3.667 1
3.668 1
3.669 1
3.67 1
3.671 1
3.672 1
3.673 1
3.674 1
3.675 1
3.676 1
3.677 1
3.678 1
3.679 1
3.68 1
3.681 1
3.682 1
3.683 1
3.684 1
3.685 1
3.686 1
3.687 1
3.688 1
3.689 1
3.69 1
3.691 1
3.692 1
3.693 1
3.694 1
3.695 1
3.696 1
3.697 1
3.698 1
3.699 1
3.7 1
3.701 1
3.702 1
3.703 1
3.704 1
3.705 1
3.706 1
3.707 1
3.708 1
3.709 1
3.71 1
3.711 1
3.712 1
3.713 1
3.714 1
3.715 1
3.716 1
3.717 1
3.718 1
3.719 1
3.72 1
3.721 1
3.722 1
3.723 1
3.724 1
3.725 1
3.726 1
3.727 1
3.728 1
3.729 1
3.73 1
3.731 1
3.732 1
3.733 1
3.734 1
3.735 1
3.736 1
3.737 1
3.738 1
3.739 1
3.74 1
3.741 1
3.742 1
3.743 1
3.744 1
3.745 1
3.746 1
3.747 1
3.748 1
3.749 1
3.75 1
3.751 1
3.752 1
3.753 1
3.754 1
3.755 1
3.756 1
3.757 1
3.758 1
3.759 1
3.76 1
3.761 1
3.762 1
3.763 1
3.764 1
3.765 1
3.766 1
3.767 1
3.768 1
3.769 1
3.77 1
3.771 1
3.772 1
3.773 1
3.774 1
3.775 1
3.776 1
3.777 1
3.778 1
3.779 1
3.78 1
3.781 1
3.782 1
3.783 1
3.784 1
3.785 1
3.786 1
3.787 1
3.788 1
3.789 1
3.79 1
3.791 1
3.792 1
3.793 1
3.794 1
3.795 1
3.796 1
3.797 1
3.798 1
3.799 1
3.8 1
3.801 1
3.802 1
3.803 1
3.804 1
3.805 1
3.806 1
3.807 1
3.808 1
3.809 1
3.81 1
3.811 1
3.812 1
3.813 1
3.814 1
3.815 1
3.816 1
3.817 1
3.818 1
3.819 1
3.82 1
3.821 1
3.822 1
3.823 1
3.824 1
3.825 1
3.826 1
3.827 1
3.828 1
3.829 1
3.83 1
3.831 1
3.832 1
3.833 1
3.834 1
3.835 1
3.836 1
3.837 1
3.838 1
3.839 1
3.84 1
3.841 1
3.842 1
3.843 1
3.844 1
3.845 1
3.846 1
3.847 1
3.848 1
3.849 1
3.85 1
3.851 1
3.852 1
3.853 1
3.854 1
3.855 1
3.856 1
3.857 1
3.858 1
3.859 1
3.86 1
3.861 1
3.862 1
3.863 1
3.864 1
3.865 1
3.866 1
3.867 1
3.868 1
3.869 1
3.87 1
3.871 1
3.872 1
3.873 1
3.874 1
3.875 1
3.876 1
3.877 1
3.878 1
3.879 1
3.88 1
3.881 1
3.882 1
3.883 1
3.884 1
3.885 1
3.886 1
3.887 1
3.888 1
3.889 1
3.89 1
3.891 1
3.892 1
3.893 1
3.894 1
3.895 1
3.896 1
3.897 1
3.898 1
3.899 1
3.9 1
3.901 1
3.902 1
3.903 1
3.904 1
3.905 1
3.906 1
3.907 1
3.908 1
3.909 1
3.91 1
3.911 1
3.912 1
3.913 1
3.914 1
3.915 1
3.916 1
3.917 1
3.918 1
3.919 1
3.92 1
3.921 1
3.922 1
3.923 1
3.924 1
3.925 1
3.926 1
3.927 1
3.928 1
3.929 1
3.93 1
3.931 1
3.932 1
3.933 1
3.934 1
3.935 1
3.936 1
3.937 1
3.938 1
3.939 1
3.94 1
3.941 1
3.942 1
3.943 1
3.944 1
3.945 1
3.946 1
3.947 1
3.948 1
3.949 1
3.95 1
3.951 1
3.952 1
3.953 1
3.954 1
3.955 1
3.956 1
3.957 1
3.958 1
3.959 1
3.96 1
3.961 1
3.962 1
3.963 1
3.964 1
3.965 1
3.966 1
3.967 1
3.968 1
3.969 1
3.97 1
3.971 1
3.972 1
3.973 1
3.974 1
3.975 1
3.976 1
3.977 1
3.978 1
3.979 1
3.98 1
3.981 1
3.982 1
3.983 1
3.984 1
3.985 1
3.986 1
3.987 1
3.988 1
3.989 1
3.99 1
3.991 1
3.992 1
3.993 1
3.994 1
3.995 1
3.996 1
3.997 1
3.998 1
3.999 1
4 1
4.001 1
4.002 1
4.003 1
4.004 1
4.005 1
4.006 1
4.007 1
4.008 1
4.009 1
4.01 1
4.011 1
4.012 1
4.013 1
4.014 1
4.015 1
4.016 1
4.017 1
4.018 1
4.019 1
4.02 1
4.021 1
4.022 1
4.023 1
4.024 1
4.025 1
4.026 1
4.027 1
4.028 1
4.029 1
4.03 1
4.031 1
4.032 1
4.033 1
4.034 1
4.035 1
4.036 1
4.037 1
4.038 1
4.039 1
4.04 1
4.041 1
4.042 1
4.043 1
4.044 1
4.045 1
4.046 1
4.047 1
4.048 1
4.049 1
4.05 1
4.051 1
4.052 1
4.053 1
4.054 1
4.055 1
4.056 1
4.057 1
4.058 1
4.059 1
4.06 1
4.061 1
4.062 1
4.063 1
4.064 1
4.065 1
4.066 1
4.067 1
4.068 1
4.069 1
4.07 1
4.071 1
4.072 1
4.073 1
4.074 1
4.075 1
4.076 1
4.077 1
4.078 1
4.079 1
4.08 1
4.081 1
4.082 1
4.083 1
4.084 1
4.085 1
4.086 1
4.087 1
4.088 1
4.089 1
4.09 1
4.091 1
4.092 1
4.093 1
4.094 1
4.095 1
4.096 1
4.097 1
4.098 1
4.099 1
4.1 1
4.101 1
4.102 1
4.103 1
4.104 1
4.105 1
4.106 1
4.107 1
4.108 1
4.109 1
4.11 1
4.111 1
4.112 1
4.113 1
4.114 1
4.115 1
4.116 1
4.117 1
4.118 1
4.119 1
4.12 1
4.121 1
4.122 1
4.123 1
4.124 1
4.125 1
4.126 1
4.127 1
4.128 1
4.129 1
4.13 1
4.131 1
4.132 1
4.133 1
4.134 1
4.135 1
4.136 1
4.137 1
4.138 1
4.139 1
4.14 1
4.141 1
4.142 1
4.143 1
4.144 1
4.145 1
4.146 1
4.147 1
4.148 1
4.149 1
4.15 1
4.151 1
4.152 1
4.153 1
4.154 1
4.155 1
4.156 1
4.157 1
4.158 1
4.159 1
4.16 1
4.161 1
4.162 1
4.163 1
4.164 1
4.165 1
4.166 1
4.167 1
4.168 1
4.169 1
4.17 1
4.171 1
4.172 1
4.173 1
4.174 1
4.175 1
4.176 1
4.177 1
4.178 1
4.179 1
4.18 1
4.181 1
4.182 1
4.183 1
4.184 1
4.185 1
4.186 1
4.187 1
4.188 1
4.189 1
4.19 1
4.191 1
4.192 1
4.193 1
4.194 1
4.195 1
4.196 1
4.197 1
4.198 1
4.199 1
4.2 1
4.201 1
4.202 1
4.203 1
4.204 1
4.205 1
4.206 1
4.207 1
4.208 1
4.209 1
4.21 1
4.211 1
4.212 1
4.213 1
4.214 1
4.215 1
4.216 1
4.217 1
4.218 1
4.219 1
4.22 1
4.221 1
4.222 1
4.223 1
4.224 1
4.225 1
4.226 1
4.227 1
4.228 1
4.229 1
4.23 1
4.231 1
4.232 1
4.233 1
4.234 1
4.235 1
4.236 1
4.237 1
4.238 1
4.239 1
4.24 1
4.241 1
4.242 1
4.243 1
4.244 1
4.245 1
4.246 1
4.247 1
4.248 1
4.249 1
4.25 1
4.251 1
4.252 1
4.253 1
4.254 1
4.255 1
4.256 1
4.257 1
4.258 1
4.259 1
4.26 1
4.261 1
4.262 1
4.263 1
4.264 1
4.265 1
4.266 1
4.267 1
4.268 1
4.269 1
4.27 1
4.271 1
4.272 1
4.273 1
4.274 1
4.275 1
4.276 1
4.277 1
4.278 1
4.279 1
4.28 1
4.281 1
4.282 1
4.283 1
4.284 1
4.285 1
4.286 1
4.287 1
4.288 1
4.289 1
4.29 1
4.291 1
4.292 1
4.293 1
4.294 1
4.295 1
4.296 1
4.297 1
4.298 1
4.299 1
4.3 1
4.301 1
4.302 1
4.303 1
4.304 1
4.305 1
4.306 1
4.307 1
4.308 1
4.309 1
4.31 1
4.311 1
4.312 1
4.313 1
4.314 1
4.315 1
4.316 1
4.317 1
4.318 1
4.319 1
4.32 1
4.321 1
4.322 1
4.323 1
4.324 1
4.325 1
4.326 1
4.327 1
4.328 1
4.329 1
4.33 1
4.331 1
4.332 1
4.333 1
4.334 1
4.335 1
4.336 1
4.337 1
4.338 1
4.339 1
4.34 1
4.341 1
4.342 1
4.343 1
4.344 1
4.345 1
4.346 1
4.347 1
4.348 1
4.349 1
4.35 1
4.351 1
4.352 1
4.353 1
4.354 1
4.355 1
4.356 1
4.357 1
4.358 1
4.359 1
4.36 1
4.361 1
4.362 1
4.363 1
4.364 1
4.365 1
4.366 1
4.367 1
4.368 1
4.369 1
4.37 1
4.371 1
4.372 1
4.373 1
4.374 1
4.375 1
4.376 1
4.377 1
4.378 1
4.379 1
4.38 1
4.381 1
4.382 1
4.383 1
4.384 1
4.385 1
4.386 1
4.387 1
4.388 1
4.389 1
4.39 1
4.391 1
4.392 1
4.393 1
4.394 1
4.395 1
4.396 1
4.397 1
4.398 1
4.399 1
4.4 1
4.401 1
4.402 1
4.403 1
4.404 1
4.405 1
4.406 1
4.407 1
4.408 1
4.409 1
4.41 1
4.411 1
4.412 1
4.413 1
4.414 1
4.415 1
4.416 1
4.417 1
4.418 1
4.419 1
4.42 1
4.421 1
4.422 1
4.423 1
4.424 1
4.425 1
4.426 1
4.427 1
4.428 1
4.429 1
4.43 1
4.431 1
4.432 1
4.433 1
4.434 1
4.435 1
4.436 1
4.437 1
4.438 1
4.439 1
4.44 1
4.441 1
4.442 1
4.443 1
4.444 1
4.445 1
4.446 1
4.447 1
4.448 1
4.449 1
4.45 1
4.451 1
4.452 1
4.453 1
4.454 1
4.455 1
4.456 1
4.457 1
4.458 1
4.459 1
4.46 1
4.461 1
4.462 1
4.463 1
4.464 1
4.465 1
4.466 1
4.467 1
4.468 1
4.469 1
4.47 1
4.471 1
4.472 1
4.473 1
4.474 1
4.475 1
4.476 1
4.477 1
4.478 1
4.479 1
4.48 1
4.481 1
4.482 1
4.483 1
4.484 1
4.485 1
4.486 1
4.487 1
4.488 1
4.489 1
4.49 1
4.491 1
4.492 1
4.493 1
4.494 1
4.495 1
4.496 1
4.497 1
4.498 1
4.499 1
4.5 1
4.501 1
4.502 1
4.503 1
4.504 1
4.505 1
4.506 1
4.507 1
4.508 1
4.509 1
4.51 1
4.511 1
4.512 1
4.513 1
4.514 1
4.515 1
4.516 1
4.517 1
4.518 1
4.519 1
4.52 1
4.521 1
4.522 1
4.523 1
4.524 1
4.525 1
4.526 1
4.527 1
4.528 1
4.529 1
4.53 1
4.531 1
4.532 1
4.533 1
4.534 1
4.535 1
4.536 1
4.537 1
4.538 1
4.539 1
4.54 1
4.541 1
4.542 1
4.543 1
4.544 1
4.545 1
4.546 1
4.547 1
4.548 1
4.549 1
4.55 1
4.551 1
4.552 1
4.553 1
4.554 1
4.555 1
4.556 1
4.557 1
4.558 1
4.559 1
4.56 1
4.561 1
4.562 1
4.563 1
4.564 1
4.565 1
4.566 1
4.567 1
4.568 1
4.569 1
4.57 1
4.571 1
4.572 1
4.573 1
4.574 1
4.575 1
4.576 1
4.577 1
4.578 1
4.579 1
4.58 1
4.581 1
4.582 1
4.583 1
4.584 1
4.585 1
4.586 1
4.587 1
4.588 1
4.589 1
4.59 1
4.591 1
4.592 1
4.593 1
4.594 1
4.595 1
4.596 1
4.597 1
4.598 1
4.599 1
4.6 1
4.601 1
4.602 1
4.603 1
4.604 1
4.605 1
4.606 1
4.607 1
4.608 1
4.609 1
4.61 1
4.611 1
4.612 1
4.613 1
4.614 1
4.615 1
4.616 1
4.617 1
4.618 1
4.619 1
4.62 1
4.621 1
4.622 1
4.623 1
4.624 1
4.625 1
4.626 1
4.627 1
4.628 1
4.629 1
4.63 1
4.631 1
4.632 1
4.633 1
4.634 1
4.635 1
4.636 1
4.637 1
4.638 1
4.639 1
4.64 1
4.641 1
4.642 1
4.643 1
4.644 1
4.645 1
4.646 1
4.647 1
4.648 1
4.649 1
4.65 1
4.651 1
4.652 1
4.653 1
4.654 1
4.655 1
4.656 1
4.657 1
4.658 1
4.659 1
4.66 1
4.661 1
4.662 1
4.663 1
4.664 1
4.665 1
4.666 1
4.667 1
4.668 1
4.669 1
4.67 1
4.671 1
4.672 1
4.673 1
4.674 1
4.675 1
4.676 1
4.677 1
4.678 1
4.679 1
4.68 1
4.681 1
4.682 1
4.683 1
4.684 1
4.685 1
4.686 1
4.687 1
4.688 1
4.689 1
4.69 1
4.691 1
4.692 1
4.693 1
4.694 1
4.695 1
4.696 1
4.697 1
4.698 1
4.699 1
4.7 1
4.701 1
4.702 1
4.703 1
4.704 1
4.705 1
4.706 1
4.707 1
4.708 1
4.709 1
4.71 1
4.711 1
4.712 1
4.713 1
4.714 1
4.715 1
4.716 1
4.717 1
4.718 1
4.719 1
4.72 1
4.721 1
4.722 1
4.723 1
4.724 1
4.725 1
4.726 1
4.727 1
4.728 1
4.729 1
4.73 1
4.731 1
4.732 1
4.733 1
4.734 1
4.735 1
4.736 1
4.737 1
4.738 1
4.739 1
4.74 1
4.741 1
4.742 1
4.743 1
4.744 1
4.745 1
4.746 1
4.747 1
4.748 1
4.749 1
4.75 1
4.751 1
4.752 1
4.753 1
4.754 1
4.755 1
4.756 1
4.757 1
4.758 1
4.759 1
4.76 1
4.761 1
4.762 1
4.763 1
4.764 1
4.765 1
4.766 1
4.767 1
4.768 1
4.769 1
4.77 1
4.771 1
4.772 1
4.773 1
4.774 1
4.775 1
4.776 1
4.777 1
4.778 1
4.779 1
4.78 1
4.781 1
4.782 1
4.783 1
4.784 1
4.785 1
4.786 1
4.787 1
4.788 1
4.789 1
4.79 1
4.791 1
4.792 1
4.793 1
4.794 1
4.795 1
4.796 1
4.797 1
4.798 1
4.799 1
4.8 1
4.801 1
4.802 1
4.803 1
4.804 1
4.805 1
4.806 1
4.807 1
4.808 1
4.809 1
4.81 1
4.811 1
4.812 1
4.813 1
4.814 1
4.815 1
4.816 1
4.817 1
4.818 1
4.819 1
4.82 1
4.821 1
4.822 1
4.823 1
4.824 1
4.825 1
4.826 1
4.827 1
4.828 1
4.829 1
4.83 1
4.831 1
4.832 1
4.833 1
4.834 1
4.835 1
4.836 1
4.837 1
4.838 1
4.839 1
4.84 1
4.841 1
4.842 1
4.843 1
4.844 1
4.845 1
4.846 1
4.847 1
4.848 1
4.849 1
4.85 1
4.851 1
4.852 1
4.853 1
4.854 1
4.855 1
4.856 1
4.857 1
4.858 1
4.859 1
4.86 1
4.861 1
4.862 1
4.863 1
4.864 1
4.865 1
4.866 1
4.867 1
4.868 1
4.869 1
4.87 1
4.871 1
4.872 1
4.873 1
4.874 1
4.875 1
4.876 1
4.877 1
4.878 1
4.879 1
4.88 1
4.881 1
4.882 1
4.883 1
4.884 1
4.885 1
4.886 1
4.887 1
4.888 1
4.889 1
4.89 1
4.891 1
4.892 1
4.893 1
4.894 1
4.895 1
4.896 1
4.897 1
4.898 1
4.899 1
4.9 1
4.901 1
4.902 1
4.903 1
4.904 1
4.905 1
4.906 1
4.907 1
4.908 1
4.909 1
4.91 1
4.911 1
4.912 1
4.913 1
4.914 1
4.915 1
4.916 1
4.917 1
4.918 1
4.919 1
4.92 1
4.921 1
4.922 1
4.923 1
4.924 1
4.925 1
4.926 1
4.927 1
4.928 1
4.929 1
4.93 1
4.931 1
4.932 1
4.933 1
4.934 1
4.935 1
4.936 1
4.937 1
4.938 1
4.939 1
4.94 1
4.941 1
4.942 1
4.943 1
4.944 1
4.945 1
4.946 1
4.947 1
4.948 1
4.949 1
4.95 1
4.951 1
4.952 1
4.953 1
4.954 1
4.955 1
4.956 1
4.957 1
4.958 1
4.959 1
4.96 1
4.961 1
4.962 1
4.963 1
4.964 1
4.965 1
4.966 1
4.967 1
4.968 1
4.969 1
4.97 1
4.971 1
4.972 1
4.973 1
4.974 1
4.975 1
4.976 1
4.977 1
4.978 1
4.979 1
4.98 1
4.981 1
4.982 1
4.983 1
4.984 1
4.985 1
4.986 1
4.987 1
4.988 1
4.989 1
4.99 1
4.991 1
4.992 1
4.993 1
4.994 1
4.995 1
4.996 1
4.997 1
4.998 1
4.999 1
5 1
5.001 1
5.002 1
5.003 1
5.004 1
5.005 1
5.006 1
5.007 1
5.008 1
5.009 1
5.01 1
5.011 1
5.012 1
5.013 1
5.014 1
5.015 1
5.016 1
5.017 1
5.018 1
5.019 1
5.02 1
5.021 1
5.022 1
5.023 1
5.024 1
5.025 1
5.026 1
5.027 1
5.028 1
5.029 1
5.03 1
5.031 1
5.032 1
5.033 1
5.034 1
5.035 1
5.036 1
5.037 1
5.038 1
5.039 1
5.04 1
5.041 1
5.042 1
5.043 1
5.044 1
5.045 1
5.046 1
5.047 1
5.048 1
5.049 1
5.05 1
5.051 1
5.052 1
5.053 1
5.054 1
5.055 1
5.056 1
5.057 1
5.058 1
5.059 1
5.06 1
5.061 1
5.062 1
5.063 1
5.064 1
5.065 1
5.066 1
5.067 1
5.068 1
5.069 1
5.07 1
5.071 1
5.072 1
5.073 1
5.074 1
5.075 1
5.076 1
5.077 1
5.078 1
5.079 1
5.08 1
5.081 1
5.082 1
5.083 1
5.084 1
5.085 1
5.086 1
5.087 1
5.088 1
5.089 1
5.09 1
5.091 1
5.092 1
5.093 1
5.094 1
5.095 1
5.096 1
5.097 1
5.098 1
5.099 1
5.1 1
5.101 1
5.102 1
5.103 1
5.104 1
5.105 1
5.106 1
5.107 1
5.108 1
5.109 1
5.11 1
5.111 1
5.112 1
5.113 1
5.114 1
5.115 1
5.116 1
5.117 1
5.118 1
5.119 1
5.12 1
5.121 1
5.122 1
5.123 1
5.124 1
5.125 1
5.126 1
5.127 1
5.128 1
5.129 1
5.13 1
5.131 1
5.132 1
5.133 1
5.134 1
5.135 1
5.136 1
5.137 1
5.138 1
5.139 1
5.14 1
5.141 1
5.142 1
5.143 1
5.144 1
5.145 1
5.146 1
5.147 1
5.148 1
5.149 1
5.15 1
5.151 1
5.152 1
5.153 1
5.154 1
5.155 1
5.156 1
5.157 1
5.158 1
5.159 1
5.16 1
5.161 1
5.162 1
5.163 1
5.164 1
5.165 1
5.166 1
5.167 1
5.168 1
5.169 1
5.17 1
5.171 1
5.172 1
5.173 1
5.174 1
5.175 1
5.176 1
5.177 1
5.178 1
5.179 1
5.18 1
5.181 1
5.182 1
5.183 1
5.184 1
5.185 1
5.186 1
5.187 1
5.188 1
5.189 1
5.19 1
5.191 1
5.192 1
5.193 1
5.194 1
5.195 1
5.196 1
5.197 1
5.198 1
5.199 1
5.2 1
5.201 1
5.202 1
5.203 1
5.204 1
5.205 1
5.206 1
5.207 1
5.208 1
5.209 1
5.21 1
5.211 1
5.212 1
5.213 1
5.214 1
5.215 1
5.216 1
5.217 1
5.218 1
5.219 1
5.22 1
5.221 1
5.222 1
5.223 1
5.224 1
5.225 1
5.226 1
5.227 1
5.228 1
5.229 1
5.23 1
5.231 1
5.232 1
5.233 1
5.234 1
5.235 1
5.236 1
5.237 1
5.238 1
5.239 1
5.24 1
5.241 1
5.242 1
5.243 1
5.244 1
5.245 1
5.246 1
5.247 1
5.248 1
5.249 1
5.25 1
5.251 1
5.252 1
5.253 1
5.254 1
5.255 1
5.256 1
5.257 1
5.258 1
5.259 1
5.26 1
5.261 1
5.262 1
5.263 1
5.264 1
5.265 1
5.266 1
5.267 1
5.268 1
5.269 1
5.27 1
5.271 1
5.272 1
5.273 1
5.274 1
5.275 1
5.276 1
5.277 1
5.278 1
5.279 1
5.28 1
5.281 1
5.282 1
5.283 1
5.284 1
5.285 1
5.286 1
5.287 1
5.288 1
5.289 1
5.29 1
5.291 1
5.292 1
5.293 1
5.294 1
5.295 1
5.296 1
5.297 1
5.298 1
5.299 1
5.3 1
5.301 1
5.302 1
5.303 1
5.304 1
5.305 1
5.306 1
5.307 1
5.308 1
5.309 1
5.31 1
5.311 1
5.312 1
5.313 1
5.314 1
5.315 1
5.316 1
5.317 1
5.318 1
5.319 1
5.32 1
5.321 1
5.322 1
5.323 1
5.324 1
5.325 1
5.326 1
5.327 1
5.328 1
5.329 1
5.33 1
5.331 1
5.332 1
5.333 1
5.334 1
5.335 1
5.336 1
5.337 1
5.338 1
5.339 1
5.34 1
5.341 1
5.342 1
5.343 1
5.344 1
5.345 1
5.346 1
5.347 1
5.348 1
5.349 1
5.35 1
5.351 1
5.352 1
5.353 1
5.354 1
5.355 1
5.356 1
5.357 1
5.358 1
5.359 1
5.36 1
5.361 1
5.362 1
5.363 1
5.364 1
5.365 1
5.366 1
5.367 1
5.368 1
5.369 1
5.37 1
5.371 1
5.372 1
5.373 1
5.374 1
5.375 1
5.376 1
5.377 1
5.378 1
5.379 1
5.38 1
5.381 1
5.382 1
5.383 1
5.384 1
5.385 1
5.386 1
5.387 1
5.388 1
5.389 1
5.39 1
5.391 1
5.392 1
5.393 1
5.394 1
5.395 1
5.396 1
5.397 1
5.398 1
5.399 1
5.4 1
5.401 1
5.402 1
5.403 1
5.404 1
5.405 1
5.406 1
5.407 1
5.408 1
5.409 1
5.41 1
5.411 1
5.412 1
5.413 1
5.414 1
5.415 1
5.416 1
5.417 1
5.418 1
5.419 1
5.42 1
5.421 1
5.422 1
5.423 1
5.424 1
5.425 1
5.426 1
5.427 1
5.428 1
5.429 1
5.43 1
5.431 1
5.432 1
5.433 1
5.434 1
5.435 1
5.436 1
5.437 1
5.438 1
5.439 1
5.44 1
5.441 1
5.442 1
5.443 1
5.444 1
5.445 1
5.446 1
5.447 1
5.448 1
5.449 1
5.45 1
5.451 1
5.452 1
5.453 1
5.454 1
5.455 1
5.456 1
5.457 1
5.458 1
5.459 1
5.46 1
5.461 1
5.462 1
5.463 1
5.464 1
5.465 1
5.466 1
5.467 1
5.468 1
5.469 1
5.47 1
5.471 1
5.472 1
5.473 1
5.474 1
5.475 1
5.476 1
5.477 1
5.478 1
5.479 1
5.48 1
5.481 1
5.482 1
5.483 1
5.484 1
5.485 1
5.486 1
5.487 1
5.488 1
5.489 1
5.49 1
5.491 1
5.492 1
5.493 1
5.494 1
5.495 1
5.496 1
5.497 1
5.498 1
5.499 1
5.5 1
5.501 1
5.502 1
5.503 1
5.504 1
5.505 1
5.506 1
5.507 1
5.508 1
5.509 1
5.51 1
5.511 1
5.512 1
5.513 1
5.514 1
5.515 1
5.516 1
5.517 1
5.518 1
5.519 1
5.52 1
5.521 1
5.522 1
5.523 1
5.524 1
5.525 1
5.526 1
5.527 1
5.528 1
5.529 1
5.53 1
5.531 1
5.532 1
5.533 1
5.534 1
5.535 1
5.536 1
5.537 1
5.538 1
5.539 1
5.54 1
5.541 1
5.542 1
5.543 1
5.544 1
5.545 1
5.546 1
5.547 1
5.548 1
5.549 1
5.55 1
5.551 1
5.552 1
5.553 1
5.554 1
5.555 1
5.556 1
5.557 1
5.558 1
5.559 1
5.56 1
5.561 1
5.562 1
5.563 1
5.564 1
5.565 1
5.566 1
5.567 1
5.568 1
5.569 1
5.57 1
5.571 1
5.572 1
5.573 1
5.574 1
5.575 1
5.576 1
5.577 1
5.578 1
5.579 1
5.58 1
5.581 1
5.582 1
5.583 1
5.584 1
5.585 1
5.586 1
5.587 1
5.588 1
5.589 1
5.59 1
5.591 1
5.592 1
5.593 1
5.594 1
5.595 1
5.596 1
5.597 1
5.598 1
5.599 1
5.6 1
5.601 1
5.602 1
5.603 1
5.604 1
5.605 1
5.606 1
5.607 1
5.608 1
5.609 1
5.61 1
5.611 1
5.612 1
5.613 1
5.614 1
5.615 1
5.616 1
5.617 1
5.618 1
5.619 1
5.62 1
5.621 1
5.622 1
5.623 1
5.624 1
5.625 1
5.626 1
5.627 1
5.628 1
5.629 1
5.63 1
5.631 1
5.632 1
5.633 1
5.634 1
5.635 1
5.636 1
5.637 1
5.638 1
5.639 1
5.64 1
5.641 1
5.642 1
5.643 1
5.644 1
5.645 1
5.646 1
5.647 1
5.648 1
5.649 1
5.65 1
5.651 1
5.652 1
5.653 1
5.654 1
5.655 1
5.656 1
5.657 1
5.658 1
5.659 1
5.66 1
5.661 1
5.662 1
5.663 1
5.664 1
5.665 1
5.666 1
5.667 1
5.668 1
5.669 1
5.67 1
5.671 1
5.672 1
5.673 1
5.674 1
5.675 1
5.676 1
5.677 1
5.678 1
5.679 1
5.68 1
5.681 1
5.682 1
5.683 1
5.684 1
5.685 1
5.686 1
5.687 1
5.688 1
5.689 1
5.69 1
5.691 1
5.692 1
5.693 1
5.694 1
5.695 1
5.696 1
5.697 1
5.698 1
5.699 1
5.7 1
5.701 1
5.702 1
5.703 1
5.704 1
5.705 1
5.706 1
5.707 1
5.708 1
5.709 1
5.71 1
5.711 1
5.712 1
5.713 1
5.714 1
5.715 1
5.716 1
5.717 1
5.718 1
5.719 1
5.72 1
5.721 1
5.722 1
5.723 1
5.724 1
5.725 1
5.726 1
5.727 1
5.728 1
5.729 1
5.73 1
5.731 1
5.732 1
5.733 1
5.734 1
5.735 1
5.736 1
5.737 1
5.738 1
5.739 1
5.74 1
5.741 1
5.742 1
5.743 1
5.744 1
5.745 1
5.746 1
5.747 1
5.748 1
5.749 1
5.75 1
5.751 1
5.752 1
5.753 1
5.754 1
5.755 1
5.756 1
5.757 1
5.758 1
5.759 1
5.76 1
5.761 1
5.762 1
5.763 1
5.764 1
5.765 1
5.766 1
5.767 1
5.768 1
5.769 1
5.77 1
5.771 1
5.772 1
5.773 1
5.774 1
5.775 1
5.776 1
5.777 1
5.778 1
5.779 1
5.78 1
5.781 1
5.782 1
5.783 1
5.784 1
5.785 1
5.786 1
5.787 1
5.788 1
5.789 1
5.79 1
5.791 1
5.792 1
5.793 1
5.794 1
5.795 1
5.796 1
5.797 1
5.798 1
5.799 1
5.8 1
5.801 1
5.802 1
5.803 1
5.804 1
5.805 1
5.806 1
5.807 1
5.808 1
5.809 1
5.81 1
5.811 1
5.812 1
5.813 1
5.814 1
5.815 1
5.816 1
5.817 1
5.818 1
5.819 1
5.82 1
5.821 1
5.822 1
5.823 1
5.824 1
5.825 1
5.826 1
5.827 1
5.828 1
5.829 1
5.83 1
5.831 1
5.832 1
5.833 1
5.834 1
5.835 1
5.836 1
5.837 1
5.838 1
5.839 1
5.84 1
5.841 1
5.842 1
5.843 1
5.844 1
5.845 1
5.846 1
5.847 1
5.848 1
5.849 1
5.85 1
5.851 1
5.852 1
5.853 1
5.854 1
5.855 1
5.856 1
5.857 1
5.858 1
5.859 1
5.86 1
5.861 1
5.862 1
5.863 1
5.864 1
5.865 1
5.866 1
5.867 1
5.868 1
5.869 1
5.87 1
5.871 1
5.872 1
5.873 1
5.874 1
5.875 1
5.876 1
5.877 1
5.878 1
5.879 1
5.88 1
5.881 1
5.882 1
5.883 1
5.884 1
5.885 1
5.886 1
5.887 1
5.888 1
5.889 1
5.89 1
5.891 1
5.892 1
5.893 1
5.894 1
5.895 1
5.896 1
5.897 1
5.898 1
5.899 1
5.9 1
5.901 1
5.902 1
5.903 1
5.904 1
5.905 1
5.906 1
5.907 1
5.908 1
5.909 1
5.91 1
5.911 1
5.912 1
5.913 1
5.914 1
5.915 1
5.916 1
5.917 1
5.918 1
5.919 1
5.92 1
5.921 1
5.922 1
5.923 1
5.924 1
5.925 1
5.926 1
5.927 1
5.928 1
5.929 1
5.93 1
5.931 1
5.932 1
5.933 1
5.934 1
5.935 1
5.936 1
5.937 1
5.938 1
5.939 1
5.94 1
5.941 1
5.942 1
5.943 1
5.944 1
5.945 1
5.946 1
5.947 1
5.948 1
5.949 1
5.95 1
5.951 1
5.952 1
5.953 1
5.954 1
5.955 1
5.956 1
5.957 1
5.958 1
5.959 1
5.96 1
5.961 1
5.962 1
5.963 1
5.964 1
5.965 1
5.966 1
5.967 1
5.968 1
5.969 1
5.97 1
5.971 1
5.972 1
5.973 1
5.974 1
5.975 1
5.976 1
5.977 1
5.978 1
5.979 1
5.98 1
5.981 1
5.982 1
5.983 1
5.984 1
5.985 1
5.986 1
5.987 1
5.988 1
5.989 1
5.99 1
5.991 1
5.992 1
5.993 1
5.994 1
5.995 1
5.996 1
5.997 1
5.998 1
5.999 1
6 1
6.001 1
6.002 1
6.003 1
6.004 1
6.005 1
6.006 1
6.007 1
6.008 1
6.009 1
6.01 1
6.011 1
6.012 1
6.013 1
6.014 1
6.015 1
6.016 1
6.017 1
6.018 1
6.019 1
6.02 1
6.021 1
6.022 1
6.023 1
6.024 1
6.025 1
6.026 1
6.027 1
6.028 1
6.029 1
6.03 1
6.031 1
6.032 1
6.033 1
6.034 1
6.035 1
6.036 1
6.037 1
6.038 1
6.039 1
6.04 1
6.041 1
6.042 1
6.043 1
6.044 1
6.045 1
6.046 1
6.047 1
6.048 1
6.049 1
6.05 1
6.051 1
6.052 1
6.053 1
6.054 1
6.055 1
6.056 1
6.057 1
6.058 1
6.059 1
6.06 1
6.061 1
6.062 1
6.063 1
6.064 1
6.065 1
6.066 1
6.067 1
6.068 1
6.069 1
6.07 1
6.071 1
6.072 1
6.073 1
6.074 1
6.075 1
6.076 1
6.077 1
6.078 1
6.079 1
6.08 1
6.081 1
6.082 1
6.083 1
6.084 1
6.085 1
6.086 1
6.087 1
6.088 1
6.089 1
6.09 1
6.091 1
6.092 1
6.093 1
6.094 1
6.095 1
6.096 1
6.097 1
6.098 1
6.099 1
6.1 1
6.101 1
6.102 1
6.103 1
6.104 1
6.105 1
6.106 1
6.107 1
6.108 1
6.109 1
6.11 1
6.111 1
6.112 1
6.113 1
6.114 1
6.115 1
6.116 1
6.117 1
6.118 1
6.119 1
6.12 1
6.121 1
6.122 1
6.123 1
6.124 1
6.125 1
6.126 1
6.127 1
6.128 1
6.129 1
6.13 1
6.131 1
6.132 1
6.133 1
6.134 1
6.135 1
6.136 1
6.137 1
6.138 1
6.139 1
6.14 1
6.141 1
6.142 1
6.143 1
6.144 1
6.145 1
6.146 1
6.147 1
6.148 1
6.149 1
6.15 1
6.151 1
6.152 1
6.153 1
6.154 1
6.155 1
6.156 1
6.157 1
6.158 1
6.159 1
6.16 1
6.161 1
6.162 1
6.163 1
6.164 1
6.165 1
6.166 1
6.167 1
6.168 1
6.169 1
6.17 1
6.171 1
6.172 1
6.173 1
6.174 1
6.175 1
6.176 1
6.177 1
6.178 1
6.179 1
6.18 1
6.181 1
6.182 1
6.183 1
6.184 1
6.185 1
6.186 1
6.187 1
6.188 1
6.189 1
6.19 1
6.191 1
6.192 1
6.193 1
6.194 1
6.195 1
6.196 1
6.197 1
6.198 1
6.199 1
6.2 1
6.201 1
6.202 1
6.203 1
6.204 1
6.205 1
6.206 1
6.207 1
6.208 1
6.209 1
6.21 1
6.211 1
6.212 1
6.213 1
6.214 1
6.215 1
6.216 1
6.217 1
6.218 1
6.219 1
6.22 1
6.221 1
6.222 1
6.223 1
6.224 1
6.225 1
6.226 1
6.227 1
6.228 1
6.229 1
6.23 1
6.231 1
6.232 1
6.233 1
6.234 1
6.235 1
6.236 1
6.237 1
6.238 1
6.239 1
6.24 1
6.241 1
6.242 1
6.243 1
6.244 1
6.245 1
6.246 1
6.247 1
6.248 1
6.249 1
6.25 1
6.251 1
6.252 1
6.253 1
6.254 1
6.255 1
6.256 1
6.257 1
6.258 1
6.259 1
6.26 1
6.261 1
6.262 1
6.263 1
6.264 1
6.265 1
6.266 1
6.267 1
6.268 1
6.269 1
6.27 1
6.271 1
6.272 1
6.273 1
6.274 1
6.275 1
6.276 1
6.277 1
6.278 1
6.279 1
6.28 1
6.281 1
6.282 1
6.283 1
6.284 1
6.285 1
6.286 1
6.287 1
6.288 1
6.289 1
6.29 1
6.291 1
6.292 1
6.293 1
6.294 1
6.295 1
6.296 1
6.297 1
6.298 1
6.299 1
6.3 1
6.301 1
6.302 1
6.303 1
6.304 1
6.305 1
6.306 1
6.307 1
6.308 1
6.309 1
6.31 1
6.311 1
6.312 1
6.313 1
6.314 1
6.315 1
6.316 1
6.317 1
6.318 1
6.319 1
6.32 1
6.321 1
6.322 1
6.323 1
6.324 1
6.325 1
6.326 1
6.327 1
6.328 1
6.329 1
6.33 1
6.331 1
6.332 1
6.333 1
6.334 1
6.335 1
6.336 1
6.337 1
6.338 1
6.339 1
6.34 1
6.341 1
6.342 1
6.343 1
6.344 1
6.345 1
6.346 1
6.347 1
6.348 1
6.349 1
6.35 1
6.351 1
6.352 1
6.353 1
6.354 1
6.355 1
6.356 1
6.357 1
6.358 1
6.359 1
6.36 1
6.361 1
6.362 1
6.363 1
6.364 1
6.365 1
6.366 1
6.367 1
6.368 1
6.369 1
6.37 1
6.371 1
6.372 1
6.373 1
6.374 1
6.375 1
6.376 1
6.377 1
6.378 1
6.379 1
6.38 1
6.381 1
6.382 1
6.383 1
6.384 1
6.385 1
6.386 1
6.387 1
6.388 1
6.389 1
6.39 1
6.391 1
6.392 1
6.393 1
6.394 1
6.395 1
6.396 1
6.397 1
6.398 1
6.399 1
6.4 1
6.401 1
6.402 1
6.403 1
6.404 1
6.405 1
6.406 1
6.407 1
6.408 1
6.409 1
6.41 1
6.411 1
6.412 1
6.413 1
6.414 1
6.415 1
6.416 1
6.417 1
6.418 1
6.419 1
6.42 1
6.421 1
6.422 1
6.423 1
6.424 1
6.425 1
6.426 1
6.427 1
6.428 1
6.429 1
6.43 1
6.431 1
6.432 1
6.433 1
6.434 1
6.435 1
6.436 1
6.437 1
6.438 1
6.439 1
6.44 1
6.441 1
6.442 1
6.443 1
6.444 1
6.445 1
6.446 1
6.447 1
6.448 1
6.449 1
6.45 1
6.451 1
6.452 1
6.453 1
6.454 1
6.455 1
6.456 1
6.457 1
6.458 1
6.459 1
6.46 1
6.461 1
6.462 1
6.463 1
6.464 1
6.465 1
6.466 1
6.467 1
6.468 1
6.469 1
6.47 1
6.471 1
6.472 1
6.473 1
6.474 1
6.475 1
6.476 1
6.477 1
6.478 1
6.479 1
6.48 1
6.481 1
6.482 1
6.483 1
6.484 1
6.485 1
6.486 1
6.487 1
6.488 1
6.489 1
6.49 1
6.491 1
6.492 1
6.493 1
6.494 1
6.495 1
6.496 1
6.497 1
6.498 1
6.499 1
6.5 1
6.501 1
6.502 1
6.503 1
6.504 1
6.505 1
6.506 1
6.507 1
6.508 1
6.509 1
6.51 1
6.511 1
6.512 1
6.513 1
6.514 1
6.515 1
6.516 1
6.517 1
6.518 1
6.519 1
6.52 1
6.521 1
6.522 1
6.523 1
6.524 1
6.525 1
6.526 1
6.527 1
6.528 1
6.529 1
6.53 1
6.531 1
6.532 1
6.533 1
6.534 1
6.535 1
6.536 1
6.537 1
6.538 1
6.539 1
6.54 1
6.541 1
6.542 1
6.543 1
6.544 1
6.545 1
6.546 1
6.547 1
6.548 1
6.549 1
6.55 1
6.551 1
6.552 1
6.553 1
6.554 1
6.555 1
6.556 1
6.557 1
6.558 1
6.559 1
6.56 1
6.561 1
6.562 1
6.563 1
6.564 1
6.565 1
6.566 1
6.567 1
6.568 1
6.569 1
6.57 1
6.571 1
6.572 1
6.573 1
6.574 1
6.575 1
6.576 1
6.577 1
6.578 1
6.579 1
6.58 1
6.581 1
6.582 1
6.583 1
6.584 1
6.585 1
6.586 1
6.587 1
6.588 1
6.589 1
6.59 1
6.591 1
6.592 1
6.593 1
6.594 1
6.595 1
6.596 1
6.597 1
6.598 1
6.599 1
6.6 1
6.601 1
6.602 1
6.603 1
6.604 1
6.605 1
6.606 1
6.607 1
6.608 1
6.609 1
6.61 1
6.611 1
6.612 1
6.613 1
6.614 1
6.615 1
6.616 1
6.617 1
6.618 1
6.619 1
6.62 1
6.621 1
6.622 1
6.623 1
6.624 1
6.625 1
6.626 1
6.627 1
6.628 1
6.629 1
6.63 1
6.631 1
6.632 1
6.633 1
6.634 1
6.635 1
6.636 1
6.637 1
6.638 1
6.639 1
6.64 1
6.641 1
6.642 1
6.643 1
6.644 1
6.645 1
6.646 1
6.647 1
6.648 1
6.649 1
6.65 1
6.651 1
6.652 1
6.653 1
6.654 1
6.655 1
6.656 1
6.657 1
6.658 1
6.659 1
6.66 1
6.661 1
6.662 1
6.663 1
6.664 1
6.665 1
6.666 1
6.667 1
6.668 1
6.669 1
6.67 1
6.671 1
6.672 1
6.673 1
6.674 1
6.675 1
6.676 1
6.677 1
6.678 1
6.679 1
6.68 1
6.681 1
6.682 1
6.683 1
6.684 1
6.685 1
6.686 1
6.687 1
6.688 1
6.689 1
6.69 1
6.691 1
6.692 1
6.693 1
6.694 1
6.695 1
6.696 1
6.697 1
6.698 1
6.699 1
6.7 1
6.701 1
6.702 1
6.703 1
6.704 1
6.705 1
6.706 1
6.707 1
6.708 1
6.709 1
6.71 1
6.711 1
6.712 1
6.713 1
6.714 1
6.715 1
6.716 1
6.717 1
6.718 1
6.719 1
6.72 1
6.721 1
6.722 1
6.723 1
6.724 1
6.725 1
6.726 1
6.727 1
6.728 1
6.729 1
6.73 1
6.731 1
6.732 1
6.733 1
6.734 1
6.735 1
6.736 1
6.737 1
6.738 1
6.739 1
6.74 1
6.741 1
6.742 1
6.743 1
6.744 1
6.745 1
6.746 1
6.747 1
6.748 1
6.749 1
6.75 1
6.751 1
6.752 1
6.753 1
6.754 1
6.755 1
6.756 1
6.757 1
6.758 1
6.759 1
6.76 1
6.761 1
6.762 1
6.763 1
6.764 1
6.765 1
6.766 1
6.767 1
6.768 1
6.769 1
6.77 1
6.771 1
6.772 1
6.773 1
6.774 1
6.775 1
6.776 1
6.777 1
6.778 1
6.779 1
6.78 1
6.781 1
6.782 1
6.783 1
6.784 1
6.785 1
6.786 1
6.787 1
6.788 1
6.789 1
6.79 1
6.791 1
6.792 1
6.793 1
6.794 1
6.795 1
6.796 1
6.797 1
6.798 1
6.799 1
6.8 1
6.801 1
6.802 1
6.803 1
6.804 1
6.805 1
6.806 1
6.807 1
6.808 1
6.809 1
6.81 1
6.811 1
6.812 1
6.813 1
6.814 1
6.815 1
6.816 1
6.817 1
6.818 1
6.819 1
6.82 1
6.821 1
6.822 1
6.823 1
6.824 1
6.825 1
6.826 1
6.827 1
6.828 1
6.829 1
6.83 1
6.831 1
6.832 1
6.833 1
6.834 1
6.835 1
6.836 1
6.837 1
6.838 1
6.839 1
6.84 1
6.841 1
6.842 1
6.843 1
6.844 1
6.845 1
6.846 1
6.847 1
6.848 1
6.849 1
6.85 1
6.851 1
6.852 1
6.853 1
6.854 1
6.855 1
6.856 1
6.857 1
6.858 1
6.859 1
6.86 1
6.861 1
6.862 1
6.863 1
6.864 1
6.865 1
6.866 1
6.867 1
6.868 1
6.869 1
6.87 1
6.871 1
6.872 1
6.873 1
6.874 1
6.875 1
6.876 1
6.877 1
6.878 1
6.879 1
6.88 1
6.881 1
6.882 1
6.883 1
6.884 1
6.885 1
6.886 1
6.887 1
6.888 1
6.889 1
6.89 1
6.891 1
6.892 1
6.893 1
6.894 1
6.895 1
6.896 1
6.897 1
6.898 1
6.899 1
6.9 1
6.901 1
6.902 1
6.903 1
6.904 1
6.905 1
6.906 1
6.907 1
6.908 1
6.909 1
6.91 1
6.911 1
6.912 1
6.913 1
6.914 1
6.915 1
6.916 1
6.917 1
6.918 1
6.919 1
6.92 1
6.921 1
6.922 1
6.923 1
6.924 1
6.925 1
6.926 1
6.927 1
6.928 1
6.929 1
6.93 1
6.931 1
6.932 1
6.933 1
6.934 1
6.935 1
6.936 1
6.937 1
6.938 1
6.939 1
6.94 1
6.941 1
6.942 1
6.943 1
6.944 1
6.945 1
6.946 1
6.947 1
6.948 1
6.949 1
6.95 1
6.951 1
6.952 1
6.953 1
6.954 1
6.955 1
6.956 1
6.957 1
6.958 1
6.959 1
6.96 1
6.961 1
6.962 1
6.963 1
6.964 1
6.965 1
6.966 1
6.967 1
6.968 1
6.969 1
6.97 1
6.971 1
6.972 1
6.973 1
6.974 1
6.975 1
6.976 1
6.977 1
6.978 1
6.979 1
6.98 1
6.981 1
6.982 1
6.983 1
6.984 1
6.985 1
6.986 1
6.987 1
6.988 1
6.989 1
6.99 1
6.991 1
6.992 1
6.993 1
6.994 1
6.995 1
6.996 1
6.997 1
6.998 1
6.999 1
7 1
7.001 1
7.002 1
7.003 1
7.004 1
7.005 1
7.006 1
7.007 1
7.008 1
7.009 1
7.01 1
7.011 1
7.012 1
7.013 1
7.014 1
7.015 1
7.016 1
7.017 1
7.018 1
7.019 1
7.02 1
7.021 1
7.022 1
7.023 1
7.024 1
7.025 1
7.026 1
7.027 1
7.028 1
7.029 1
7.03 1
7.031 1
7.032 1
7.033 1
7.034 1
7.035 1
7.036 1
7.037 1
7.038 1
7.039 1
7.04 1
7.041 1
7.042 1
7.043 1
7.044 1
7.045 1
7.046 1
7.047 1
7.048 1
7.049 1
7.05 1
7.051 1
7.052 1
7.053 1
7.054 1
7.055 1
7.056 1
7.057 1
7.058 1
7.059 1
7.06 1
7.061 1
7.062 1
7.063 1
7.064 1
7.065 1
7.066 1
7.067 1
7.068 1
7.069 1
7.07 1
7.071 1
7.072 1
7.073 1
7.074 1
7.075 1
7.076 1
7.077 1
7.078 1
7.079 1
7.08 1
7.081 1
7.082 1
7.083 1
7.084 1
7.085 1
7.086 1
7.087 1
7.088 1
7.089 1
7.09 1
7.091 1
7.092 1
7.093 1
7.094 1
7.095 1
7.096 1
7.097 1
7.098 1
7.099 1
7.1 1
7.101 1
7.102 1
7.103 1
7.104 1
7.105 1
7.106 1
7.107 1
7.108 1
7.109 1
7.11 1
7.111 1
7.112 1
7.113 1
7.114 1
7.115 1
7.116 1
7.117 1
7.118 1
7.119 1
7.12 1
7.121 1
7.122 1
7.123 1
7.124 1
7.125 1
7.126 1
7.127 1
7.128 1
7.129 1
7.13 1
7.131 1
7.132 1
7.133 1
7.134 1
7.135 1
7.136 1
7.137 1
7.138 1
7.139 1
7.14 1
7.141 1
7.142 1
7.143 1
7.144 1
7.145 1
7.146 1
7.147 1
7.148 1
7.149 1
7.15 1
7.151 1
7.152 1
7.153 1
7.154 1
7.155 1
7.156 1
7.157 1
7.158 1
7.159 1
7.16 1
7.161 1
7.162 1
7.163 1
7.164 1
7.165 1
7.166 1
7.167 1
7.168 1
7.169 1
7.17 1
7.171 1
7.172 1
7.173 1
7.174 1
7.175 1
7.176 1
7.177 1
7.178 1
7.179 1
7.18 1
7.181 1
7.182 1
7.183 1
7.184 1
7.185 1
7.186 1
7.187 1
7.188 1
7.189 1
7.19 1
7.191 1
7.192 1
7.193 1
7.194 1
7.195 1
7.196 1
7.197 1
7.198 1
7.199 1
7.2 1
7.201 1
7.202 1
7.203 1
7.204 1
7.205 1
7.206 1
7.207 1
7.208 1
7.209 1
7.21 1
7.211 1
7.212 1
7.213 1
7.214 1
7.215 1
7.216 1
7.217 1
7.218 1
7.219 1
7.22 1
7.221 1
7.222 1
7.223 1
7.224 1
7.225 1
7.226 1
7.227 1
7.228 1
7.229 1
7.23 1
7.231 1
7.232 1
7.233 1
7.234 1
7.235 1
7.236 1
7.237 1
7.238 1
7.239 1
7.24 1
7.241 1
7.242 1
7.243 1
7.244 1
7.245 1
7.246 1
7.247 1
7.248 1
7.249 1
7.25 1
7.251 1
7.252 1
7.253 1
7.254 1
7.255 1
7.256 1
7.257 1
7.258 1
7.259 1
7.26 1
7.261 1
7.262 1
7.263 1
7.264 1
7.265 1
7.266 1
7.267 1
7.268 1
7.269 1
7.27 1
7.271 1
7.272 1
7.273 1
7.274 1
7.275 1
7.276 1
7.277 1
7.278 1
7.279 1
7.28 1
7.281 1
7.282 1
7.283 1
7.284 1
7.285 1
7.286 1
7.287 1
7.288 1
7.289 1
7.29 1
7.291 1
7.292 1
7.293 1
7.294 1
7.295 1
7.296 1
7.297 1
7.298 1
7.299 1
7.3 1
7.301 1
7.302 1
7.303 1
7.304 1
7.305 1
7.306 1
7.307 1
7.308 1
7.309 1
7.31 1
7.311 1
7.312 1
7.313 1
7.314 1
7.315 1
7.316 1
7.317 1
7.318 1
7.319 1
7.32 1
7.321 1
7.322 1
7.323 1
7.324 1
7.325 1
7.326 1
7.327 1
7.328 1
7.329 1
7.33 1
7.331 1
7.332 1
7.333 1
7.334 1
7.335 1
7.336 1
7.337 1
7.338 1
7.339 1
7.34 1
7.341 1
7.342 1
7.343 1
7.344 1
7.345 1
7.346 1
7.347 1
7.348 1
7.349 1
7.35 1
7.351 1
7.352 1
7.353 1
7.354 1
7.355 1
7.356 1
7.357 1
7.358 1
7.359 1
7.36 1
7.361 1
7.362 1
7.363 1
7.364 1
7.365 1
7.366 1
7.367 1
7.368 1
7.369 1
7.37 1
7.371 1
7.372 1
7.373 1
7.374 1
7.375 1
7.376 1
7.377 1
7.378 1
7.379 1
7.38 1
7.381 1
7.382 1
7.383 1
7.384 1
7.385 1
7.386 1
7.387 1
7.388 1
7.389 1
7.39 1
7.391 1
7.392 1
7.393 1
7.394 1
7.395 1
7.396 1
7.397 1
7.398 1
7.399 1
7.4 1
7.401 1
7.402 1
7.403 1
7.404 1
7.405 1
7.406 1
7.407 1
7.408 1
7.409 1
7.41 1
7.411 1
7.412 1
7.413 1
7.414 1
7.415 1
7.416 1
7.417 1
7.418 1
7.419 1
7.42 1
7.421 1
7.422 1
7.423 1
7.424 1
7.425 1
7.426 1
7.427 1
7.428 1
7.429 1
7.43 1
7.431 1
7.432 1
7.433 1
7.434 1
7.435 1
7.436 1
7.437 1
7.438 1
7.439 1
7.44 1
7.441 1
7.442 1
7.443 1
7.444 1
7.445 1
7.446 1
7.447 1
7.448 1
7.449 1
7.45 1
7.451 1
7.452 1
7.453 1
7.454 1
7.455 1
7.456 1
7.457 1
7.458 1
7.459 1
7.46 1
7.461 1
7.462 1
7.463 1
7.464 1
7.465 1
7.466 1
7.467 1
7.468 1
7.469 1
7.47 1
7.471 1
7.472 1
7.473 1
7.474 1
7.475 1
7.476 1
7.477 1
7.478 1
7.479 1
7.48 1
7.481 1
7.482 1
7.483 1
7.484 1
7.485 1
7.486 1
7.487 1
7.488 1
7.489 1
7.49 1
7.491 1
7.492 1
7.493 1
7.494 1
7.495 1
7.496 1
7.497 1
7.498 1
7.499 1
7.5 1
7.501 1
7.502 1
7.503 1
7.504 1
7.505 1
7.506 1
7.507 1
7.508 1
7.509 1
7.51 1
7.511 1
7.512 1
7.513 1
7.514 1
7.515 1
7.516 1
7.517 1
7.518 1
7.519 1
7.52 1
7.521 1
7.522 1
7.523 1
7.524 1
7.525 1
7.526 1
7.527 1
7.528 1
7.529 1
7.53 1
7.531 1
7.532 1
7.533 1
7.534 1
7.535 1
7.536 1
7.537 1
7.538 1
7.539 1
7.54 1
7.541 1
7.542 1
7.543 1
7.544 1
7.545 1
7.546 1
7.547 1
7.548 1
7.549 1
7.55 1
7.551 1
7.552 1
7.553 1
7.554 1
7.555 1
7.556 1
7.557 1
7.558 1
7.559 1
7.56 1
7.561 1
7.562 1
7.563 1
7.564 1
7.565 1
7.566 1
7.567 1
7.568 1
7.569 1
7.57 1
7.571 1
7.572 1
7.573 1
7.574 1
7.575 1
7.576 1
7.577 1
7.578 1
7.579 1
7.58 1
7.581 1
7.582 1
7.583 1
7.584 1
7.585 1
7.586 1
7.587 1
7.588 1
7.589 1
7.59 1
7.591 1
7.592 1
7.593 1
7.594 1
7.595 1
7.596 1
7.597 1
7.598 1
7.599 1
7.6 1
7.601 1
7.602 1
7.603 1
7.604 1
7.605 1
7.606 1
7.607 1
7.608 1
7.609 1
7.61 1
7.611 1
7.612 1
7.613 1
7.614 1
7.615 1
7.616 1
7.617 1
7.618 1
7.619 1
7.62 1
7.621 1
7.622 1
7.623 1
7.624 1
7.625 1
7.626 1
7.627 1
7.628 1
7.629 1
7.63 1
7.631 1
7.632 1
7.633 1
7.634 1
7.635 1
7.636 1
7.637 1
7.638 1
7.639 1
7.64 1
7.641 1
7.642 1
7.643 1
7.644 1
7.645 1
7.646 1
7.647 1
7.648 1
7.649 1
7.65 1
7.651 1
7.652 1
7.653 1
7.654 1
7.655 1
7.656 1
7.657 1
7.658 1
7.659 1
7.66 1
7.661 1
7.662 1
7.663 1
7.664 1
7.665 1
7.666 1
7.667 1
7.668 1
7.669 1
7.67 1
7.671 1
7.672 1
7.673 1
7.674 1
7.675 1
7.676 1
7.677 1
7.678 1
7.679 1
7.68 1
7.681 1
7.682 1
7.683 1
7.684 1
7.685 1
7.686 1
7.687 1
7.688 1
7.689 1
7.69 1
7.691 1
7.692 1
7.693 1
7.694 1
7.695 1
7.696 1
7.697 1
7.698 1
7.699 1
7.7 1
7.701 1
7.702 1
7.703 1
7.704 1
7.705 1
7.706 1
7.707 1
7.708 1
7.709 1
7.71 1
7.711 1
7.712 1
7.713 1
7.714 1
7.715 1
7.716 1
7.717 1
7.718 1
7.719 1
7.72 1
7.721 1
7.722 1
7.723 1
7.724 1
7.725 1
7.726 1
7.727 1
7.728 1
7.729 1
7.73 1
7.731 1
7.732 1
7.733 1
7.734 1
7.735 1
7.736 1
7.737 1
7.738 1
7.739 1
7.74 1
7.741 1
7.742 1
7.743 1
7.744 1
7.745 1
7.746 1
7.747 1
7.748 1
7.749 1
7.75 1
7.751 1
7.752 1
7.753 1
7.754 1
7.755 1
7.756 1
7.757 1
7.758 1
7.759 1
7.76 1
7.761 1
7.762 1
7.763 1
7.764 1
7.765 1
7.766 1
7.767 1
7.768 1
7.769 1
7.77 1
7.771 1
7.772 1
7.773 1
7.774 1
7.775 1
7.776 1
7.777 1
7.778 1
7.779 1
7.78 1
7.781 1
7.782 1
7.783 1
7.784 1
7.785 1
7.786 1
7.787 1
7.788 1
7.789 1
7.79 1
7.791 1
7.792 1
7.793 1
7.794 1
7.795 1
7.796 1
7.797 1
7.798 1
7.799 1
7.8 1
7.801 1
7.802 1
7.803 1
7.804 1
7.805 1
7.806 1
7.807 1
7.808 1
7.809 1
7.81 1
7.811 1
7.812 1
7.813 1
7.814 1
7.815 1
7.816 1
7.817 1
7.818 1
7.819 1
7.82 1
7.821 1
7.822 1
7.823 1
7.824 1
7.825 1
7.826 1
7.827 1
7.828 1
7.829 1
7.83 1
7.831 1
7.832 1
7.833 1
7.834 1
7.835 1
7.836 1
7.837 1
7.838 1
7.839 1
7.84 1
7.841 1
7.842 1
7.843 1
7.844 1
7.845 1
7.846 1
7.847 1
7.848 1
7.849 1
7.85 1
7.851 1
7.852 1
7.853 1
7.854 1
7.855 1
7.856 1
7.857 1
7.858 1
7.859 1
7.86 1
7.861 1
7.862 1
7.863 1
7.864 1
7.865 1
7.866 1
7.867 1
7.868 1
7.869 1
7.87 1
7.871 1
7.872 1
7.873 1
7.874 1
7.875 1
7.876 1
7.877 1
7.878 1
7.879 1
7.88 1
7.881 1
7.882 1
7.883 1
7.884 1
7.885 1
7.886 1
7.887 1
7.888 1
7.889 1
7.89 1
7.891 1
7.892 1
7.893 1
7.894 1
7.895 1
7.896 1
7.897 1
7.898 1
7.899 1
7.9 1
7.901 1
7.902 1
7.903 1
7.904 1
7.905 1
7.906 1
7.907 1
7.908 1
7.909 1
7.91 1
7.911 1
7.912 1
7.913 1
7.914 1
7.915 1
7.916 1
7.917 1
7.918 1
7.919 1
7.92 1
7.921 1
7.922 1
7.923 1
7.924 1
7.925 1
7.926 1
7.927 1
7.928 1
7.929 1
7.93 1
7.931 1
7.932 1
7.933 1
7.934 1
7.935 1
7.936 1
7.937 1
7.938 1
7.939 1
7.94 1
7.941 1
7.942 1
7.943 1
7.944 1
7.945 1
7.946 1
7.947 1
7.948 1
7.949 1
7.95 1
7.951 1
7.952 1
7.953 1
7.954 1
7.955 1
7.956 1
7.957 1
7.958 1
7.959 1
7.96 1
7.961 1
7.962 1
7.963 1
7.964 1
7.965 1
7.966 1
7.967 1
7.968 1
7.969 1
7.97 1
7.971 1
7.972 1
7.973 1
7.974 1
7.975 1
7.976 1
7.977 1
7.978 1
7.979 1
7.98 1
7.981 1
7.982 1
7.983 1
7.984 1
7.985 1
7.986 1
7.987 1
7.988 1
7.989 1
7.99 1
7.991 1
7.992 1
7.993 1
7.994 1
7.995 1
7.996 1
7.997 1
7.998 1
7.999 1
8 1
8.001 1
8.002 1
8.003 1
8.004 1
8.005 1
8.006 1
8.007 1
8.008 1
8.009 1
8.01 1
8.011 1
8.012 1
8.013 1
8.014 1
8.015 1
8.016 1
8.017 1
8.018 1
8.019 1
8.02 1
8.021 1
8.022 1
8.023 1
8.024 1
8.025 1
8.026 1
8.027 1
8.028 1
8.029 1
8.03 1
8.031 1
8.032 1
8.033 1
8.034 1
8.035 1
8.036 1
8.037 1
8.038 1
8.039 1
8.04 1
8.041 1
8.042 1
8.043 1
8.044 1
8.045 1
8.046 1
8.047 1
8.048 1
8.049 1
8.05 1
8.051 1
8.052 1
8.053 1
8.054 1
8.055 1
8.056 1
8.057 1
8.058 1
8.059 1
8.06 1
8.061 1
8.062 1
8.063 1
8.064 1
8.065 1
8.066 1
8.067 1
8.068 1
8.069 1
8.07 1
8.071 1
8.072 1
8.073 1
8.074 1
8.075 1
8.076 1
8.077 1
8.078 1
8.079 1
8.08 1
8.081 1
8.082 1
8.083 1
8.084 1
8.085 1
8.086 1
8.087 1
8.088 1
8.089 1
8.09 1
8.091 1
8.092 1
8.093 1
8.094 1
8.095 1
8.096 1
8.097 1
8.098 1
8.099 1
8.1 1
8.101 1
8.102 1
8.103 1
8.104 1
8.105 1
8.106 1
8.107 1
8.108 1
8.109 1
8.11 1
8.111 1
8.112 1
8.113 1
8.114 1
8.115 1
8.116 1
8.117 1
8.118 1
8.119 1
8.12 1
8.121 1
8.122 1
8.123 1
8.124 1
8.125 1
8.126 1
8.127 1
8.128 1
8.129 1
8.13 1
8.131 1
8.132 1
8.133 1
8.134 1
8.135 1
8.136 1
8.137 1
8.138 1
8.139 1
8.14 1
8.141 1
8.142 1
8.143 1
8.144 1
8.145 1
8.146 1
8.147 1
8.148 1
8.149 1
8.15 1
8.151 1
8.152 1
8.153 1
8.154 1
8.155 1
8.156 1
8.157 1
8.158 1
8.159 1
8.16 1
8.161 1
8.162 1
8.163 1
8.164 1
8.165 1
8.166 1
8.167 1
8.168 1
8.169 1
8.17 1
8.171 1
8.172 1
8.173 1
8.174 1
8.175 1
8.176 1
8.177 1
8.178 1
8.179 1
8.18 1
8.181 1
8.182 1
8.183 1
8.184 1
8.185 1
8.186 1
8.187 1
8.188 1
8.189 1
8.19 1
8.191 1
8.192 1
8.193 1
8.194 1
8.195 1
8.196 1
8.197 1
8.198 1
8.199 1
8.2 1
8.201 1
8.202 1
8.203 1
8.204 1
8.205 1
8.206 1
8.207 1
8.208 1
8.209 1
8.21 1
8.211 1
8.212 1
8.213 1
8.214 1
8.215 1
8.216 1
8.217 1
8.218 1
8.219 1
8.22 1
8.221 1
8.222 1
8.223 1
8.224 1
8.225 1
8.226 1
8.227 1
8.228 1
8.229 1
8.23 1
8.231 1
8.232 1
8.233 1
8.234 1
8.235 1
8.236 1
8.237 1
8.238 1
8.239 1
8.24 1
8.241 1
8.242 1
8.243 1
8.244 1
8.245 1
8.246 1
8.247 1
8.248 1
8.249 1
8.25 1
8.251 1
8.252 1
8.253 1
8.254 1
8.255 1
8.256 1
8.257 1
8.258 1
8.259 1
8.26 1
8.261 1
8.262 1
8.263 1
8.264 1
8.265 1
8.266 1
8.267 1
8.268 1
8.269 1
8.27 1
8.271 1
8.272 1
8.273 1
8.274 1
8.275 1
8.276 1
8.277 1
8.278 1
8.279 1
8.28 1
8.281 1
8.282 1
8.283 1
8.284 1
8.285 1
8.286 1
8.287 1
8.288 1
8.289 1
8.29 1
8.291 1
8.292 1
8.293 1
8.294 1
8.295 1
8.296 1
8.297 1
8.298 1
8.299 1
8.3 1
8.301 1
8.302 1
8.303 1
8.304 1
8.305 1
8.306 1
8.307 1
8.308 1
8.309 1
8.31 1
8.311 1
8.312 1
8.313 1
8.314 1
8.315 1
8.316 1
8.317 1
8.318 1
8.319 1
8.32 1
8.321 1
8.322 1
8.323 1
8.324 1
8.325 1
8.326 1
8.327 1
8.328 1
8.329 1
8.33 1
8.331 1
8.332 1
8.333 1
8.334 1
8.335 1
8.336 1
8.337 1
8.338 1
8.339 1
8.34 1
8.341 1
8.342 1
8.343 1
8.344 1
8.345 1
8.346 1
8.347 1
8.348 1
8.349 1
8.35 1
8.351 1
8.352 1
8.353 1
8.354 1
8.355 1
8.356 1
8.357 1
8.358 1
8.359 1
8.36 1
8.361 1
8.362 1
8.363 1
8.364 1
8.365 1
8.366 1
8.367 1
8.368 1
8.369 1
8.37 1
8.371 1
8.372 1
8.373 1
8.374 1
8.375 1
8.376 1
8.377 1
8.378 1
8.379 1
8.38 1
8.381 1
8.382 1
8.383 1
8.384 1
8.385 1
8.386 1
8.387 1
8.388 1
8.389 1
8.39 1
8.391 1
8.392 1
8.393 1
8.394 1
8.395 1
8.396 1
8.397 1
8.398 1
8.399 1
8.4 1
8.401 1
8.402 1
8.403 1
8.404 1
8.405 1
8.406 1
8.407 1
8.408 1
8.409 1
8.41 1
8.411 1
8.412 1
8.413 1
8.414 1
8.415 1
8.416 1
8.417 1
8.418 1
8.419 1
8.42 1
8.421 1
8.422 1
8.423 1
8.424 1
8.425 1
8.426 1
8.427 1
8.428 1
8.429 1
8.43 1
8.431 1
8.432 1
8.433 1
8.434 1
8.435 1
8.436 1
8.437 1
8.438 1
8.439 1
8.44 1
8.441 1
8.442 1
8.443 1
8.444 1
8.445 1
8.446 1
8.447 1
8.448 1
8.449 1
8.45 1
8.451 1
8.452 1
8.453 1
8.454 1
8.455 1
8.456 1
8.457 1
8.458 1
8.459 1
8.46 1
8.461 1
8.462 1
8.463 1
8.464 1
8.465 1
8.466 1
8.467 1
8.468 1
8.469 1
8.47 1
8.471 1
8.472 1
8.473 1
8.474 1
8.475 1
8.476 1
8.477 1
8.478 1
8.479 1
8.48 1
8.481 1
8.482 1
8.483 1
8.484 1
8.485 1
8.486 1
8.487 1
8.488 1
8.489 1
8.49 1
8.491 1
8.492 1
8.493 1
8.494 1
8.495 1
8.496 1
8.497 1
8.498 1
8.499 1
8.5 1
8.501 1
8.502 1
8.503 1
8.504 1
8.505 1
8.506 1
8.507 1
8.508 1
8.509 1
8.51 1
8.511 1
8.512 1
8.513 1
8.514 1
8.515 1
8.516 1
8.517 1
8.518 1
8.519 1
8.52 1
8.521 1
8.522 1
8.523 1
8.524 1
8.525 1
8.526 1
8.527 1
8.528 1
8.529 1
8.53 1
8.531 1
8.532 1
8.533 1
8.534 1
8.535 1
8.536 1
8.537 1
8.538 1
8.539 1
8.54 1
8.541 1
8.542 1
8.543 1
8.544 1
8.545 1
8.546 1
8.547 1
8.548 1
8.549 1
8.55 1
8.551 1
8.552 1
8.553 1
8.554 1
8.555 1
8.556 1
8.557 1
8.558 1
8.559 1
8.56 1
8.561 1
8.562 1
8.563 1
8.564 1
8.565 1
8.566 1
8.567 1
8.568 1
8.569 1
8.57 1
8.571 1
8.572 1
8.573 1
8.574 1
8.575 1
8.576 1
8.577 1
8.578 1
8.579 1
8.58 1
8.581 1
8.582 1
8.583 1
8.584 1
8.585 1
8.586 1
8.587 1
8.588 1
8.589 1
8.59 1
8.591 1
8.592 1
8.593 1
8.594 1
8.595 1
8.596 1
8.597 1
8.598 1
8.599 1
8.6 1
8.601 1
8.602 1
8.603 1
8.604 1
8.605 1
8.606 1
8.607 1
8.608 1
8.609 1
8.61 1
8.611 1
8.612 1
8.613 1
8.614 1
8.615 1
8.616 1
8.617 1
8.618 1
8.619 1
8.62 1
8.621 1
8.622 1
8.623 1
8.624 1
8.625 1
8.626 1
8.627 1
8.628 1
8.629 1
8.63 1
8.631 1
8.632 1
8.633 1
8.634 1
8.635 1
8.636 1
8.637 1
8.638 1
8.639 1
8.64 1
8.641 1
8.642 1
8.643 1
8.644 1
8.645 1
8.646 1
8.647 1
8.648 1
8.649 1
8.65 1
8.651 1
8.652 1
8.653 1
8.654 1
8.655 1
8.656 1
8.657 1
8.658 1
8.659 1
8.66 1
8.661 1
8.662 1
8.663 1
8.664 1
8.665 1
8.666 1
8.667 1
8.668 1
8.669 1
8.67 1
8.671 1
8.672 1
8.673 1
8.674 1
8.675 1
8.676 1
8.677 1
8.678 1
8.679 1
8.68 1
8.681 1
8.682 1
8.683 1
8.684 1
8.685 1
8.686 1
8.687 1
8.688 1
8.689 1
8.69 1
8.691 1
8.692 1
8.693 1
8.694 1
8.695 1
8.696 1
8.697 1
8.698 1
8.699 1
8.7 1
8.701 1
8.702 1
8.703 1
8.704 1
8.705 1
8.706 1
8.707 1
8.708 1
8.709 1
8.71 1
8.711 1
8.712 1
8.713 1
8.714 1
8.715 1
8.716 1
8.717 1
8.718 1
8.719 1
8.72 1
8.721 1
8.722 1
8.723 1
8.724 1
8.725 1
8.726 1
8.727 1
8.728 1
8.729 1
8.73 1
8.731 1
8.732 1
8.733 1
8.734 1
8.735 1
8.736 1
8.737 1
8.738 1
8.739 1
8.74 1
8.741 1
8.742 1
8.743 1
8.744 1
8.745 1
8.746 1
8.747 1
8.748 1
8.749 1
8.75 1
8.751 1
8.752 1
8.753 1
8.754 1
8.755 1
8.756 1
8.757 1
8.758 1
8.759 1
8.76 1
8.761 1
8.762 1
8.763 1
8.764 1
8.765 1
8.766 1
8.767 1
8.768 1
8.769 1
8.77 1
8.771 1
8.772 1
8.773 1
8.774 1
8.775 1
8.776 1
8.777 1
8.778 1
8.779 1
8.78 1
8.781 1
8.782 1
8.783 1
8.784 1
8.785 1
8.786 1
8.787 1
8.788 1
8.789 1
8.79 1
8.791 1
8.792 1
8.793 1
8.794 1
8.795 1
8.796 1
8.797 1
8.798 1
8.799 1
8.8 1
8.801 1
8.802 1
8.803 1
8.804 1
8.805 1
8.806 1
8.807 1
8.808 1
8.809 1
8.81 1
8.811 1
8.812 1
8.813 1
8.814 1
8.815 1
8.816 1
8.817 1
8.818 1
8.819 1
8.82 1
8.821 1
8.822 1
8.823 1
8.824 1
8.825 1
8.826 1
8.827 1
8.828 1
8.829 1
8.83 1
8.831 1
8.832 1
8.833 1
8.834 1
8.835 1
8.836 1
8.837 1
8.838 1
8.839 1
8.84 1
8.841 1
8.842 1
8.843 1
8.844 1
8.845 1
8.846 1
8.847 1
8.848 1
8.849 1
8.85 1
8.851 1
8.852 1
8.853 1
8.854 1
8.855 1
8.856 1
8.857 1
8.858 1
8.859 1
8.86 1
8.861 1
8.862 1
8.863 1
8.864 1
8.865 1
8.866 1
8.867 1
8.868 1
8.869 1
8.87 1
8.871 1
8.872 1
8.873 1
8.874 1
8.875 1
8.876 1
8.877 1
8.878 1
8.879 1
8.88 1
8.881 1
8.882 1
8.883 1
8.884 1
8.885 1
8.886 1
8.887 1
8.888 1
8.889 1
8.89 1
8.891 1
8.892 1
8.893 1
8.894 1
8.895 1
8.896 1
8.897 1
8.898 1
8.899 1
8.9 1
8.901 1
8.902 1
8.903 1
8.904 1
8.905 1
8.906 1
8.907 1
8.908 1
8.909 1
8.91 1
8.911 1
8.912 1
8.913 1
8.914 1
8.915 1
8.916 1
8.917 1
8.918 1
8.919 1
8.92 1
8.921 1
8.922 1
8.923 1
8.924 1
8.925 1
8.926 1
8.927 1
8.928 1
8.929 1
8.93 1
8.931 1
8.932 1
8.933 1
8.934 1
8.935 1
8.936 1
8.937 1
8.938 1
8.939 1
8.94 1
8.941 1
8.942 1
8.943 1
8.944 1
8.945 1
8.946 1
8.947 1
8.948 1
8.949 1
8.95 1
8.951 1
8.952 1
8.953 1
8.954 1
8.955 1
8.956 1
8.957 1
8.958 1
8.959 1
8.96 1
8.961 1
8.962 1
8.963 1
8.964 1
8.965 1
8.966 1
8.967 1
8.968 1
8.969 1
8.97 1
8.971 1
8.972 1
8.973 1
8.974 1
8.975 1
8.976 1
8.977 1
8.978 1
8.979 1
8.98 1
8.981 1
8.982 1
8.983 1
8.984 1
8.985 1
8.986 1
8.987 1
8.988 1
8.989 1
8.99 1
8.991 1
8.992 1
8.993 1
8.994 1
8.995 1
8.996 1
8.997 1
8.998 1
8.999 1
9 1
9.001 1
9.002 1
9.003 1
9.004 1
9.005 1
9.006 1
9.007 1
9.008 1
9.009 1
9.01 1
9.011 1
9.012 1
9.013 1
9.014 1
9.015 1
9.016 1
9.017 1
9.018 1
9.019 1
9.02 1
9.021 1
9.022 1
9.023 1
9.024 1
9.025 1
9.026 1
9.027 1
9.028 1
9.029 1
9.03 1
9.031 1
9.032 1
9.033 1
9.034 1
9.035 1
9.036 1
9.037 1
9.038 1
9.039 1
9.04 1
9.041 1
9.042 1
9.043 1
9.044 1
9.045 1
9.046 1
9.047 1
9.048 1
9.049 1
9.05 1
9.051 1
9.052 1
9.053 1
9.054 1
9.055 1
9.056 1
9.057 1
9.058 1
9.059 1
9.06 1
9.061 1
9.062 1
9.063 1
9.064 1
9.065 1
9.066 1
9.067 1
9.068 1
9.069 1
9.07 1
9.071 1
9.072 1
9.073 1
9.074 1
9.075 1
9.076 1
9.077 1
9.078 1
9.079 1
9.08 1
9.081 1
9.082 1
9.083 1
9.084 1
9.085 1
9.086 1
9.087 1
9.088 1
9.089 1
9.09 1
9.091 1
9.092 1
9.093 1
9.094 1
9.095 1
9.096 1
9.097 1
9.098 1
9.099 1
9.1 1
9.101 1
9.102 1
9.103 1
9.104 1
9.105 1
9.106 1
9.107 1
9.108 1
9.109 1
9.11 1
9.111 1
9.112 1
9.113 1
9.114 1
9.115 1
9.116 1
9.117 1
9.118 1
9.119 1
9.12 1
9.121 1
9.122 1
9.123 1
9.124 1
9.125 1
9.126 1
9.127 1
9.128 1
9.129 1
9.13 1
9.131 1
9.132 1
9.133 1
9.134 1
9.135 1
9.136 1
9.137 1
9.138 1
9.139 1
9.14 1
9.141 1
9.142 1
9.143 1
9.144 1
9.145 1
9.146 1
9.147 1
9.148 1
9.149 1
9.15 1
9.151 1
9.152 1
9.153 1
9.154 1
9.155 1
9.156 1
9.157 1
9.158 1
9.159 1
9.16 1
9.161 1
9.162 1
9.163 1
9.164 1
9.165 1
9.166 1
9.167 1
9.168 1
9.169 1
9.17 1
9.171 1
9.172 1
9.173 1
9.174 1
9.175 1
9.176 1
9.177 1
9.178 1
9.179 1
9.18 1
9.181 1
9.182 1
9.183 1
9.184 1
9.185 1
9.186 1
9.187 1
9.188 1
9.189 1
9.19 1
9.191 1
9.192 1
9.193 1
9.194 1
9.195 1
9.196 1
9.197 1
9.198 1
9.199 1
9.2 1
9.201 1
9.202 1
9.203 1
9.204 1
9.205 1
9.206 1
9.207 1
9.208 1
9.209 1
9.21 1
9.211 1
9.212 1
9.213 1
9.214 1
9.215 1
9.216 1
9.217 1
9.218 1
9.219 1
9.22 1
9.221 1
9.222 1
9.223 1
9.224 1
9.225 1
9.226 1
9.227 1
9.228 1
9.229 1
9.23 1
9.231 1
9.232 1
9.233 1
9.234 1
9.235 1
9.236 1
9.237 1
9.238 1
9.239 1
9.24 1
9.241 1
9.242 1
9.243 1
9.244 1
9.245 1
9.246 1
9.247 1
9.248 1
9.249 1
9.25 1
9.251 1
9.252 1
9.253 1
9.254 1
9.255 1
9.256 1
9.257 1
9.258 1
9.259 1
9.26 1
9.261 1
9.262 1
9.263 1
9.264 1
9.265 1
9.266 1
9.267 1
9.268 1
9.269 1
9.27 1
9.271 1
9.272 1
9.273 1
9.274 1
9.275 1
9.276 1
9.277 1
9.278 1
9.279 1
9.28 1
9.281 1
9.282 1
9.283 1
9.284 1
9.285 1
9.286 1
9.287 1
9.288 1
9.289 1
9.29 1
9.291 1
9.292 1
9.293 1
9.294 1
9.295 1
9.296 1
9.297 1
9.298 1
9.299 1
9.3 1
9.301 1
9.302 1
9.303 1
9.304 1
9.305 1
9.306 1
9.307 1
9.308 1
9.309 1
9.31 1
9.311 1
9.312 1
9.313 1
9.314 1
9.315 1
9.316 1
9.317 1
9.318 1
9.319 1
9.32 1
9.321 1
9.322 1
9.323 1
9.324 1
9.325 1
9.326 1
9.327 1
9.328 1
9.329 1
9.33 1
9.331 1
9.332 1
9.333 1
9.334 1
9.335 1
9.336 1
9.337 1
9.338 1
9.339 1
9.34 1
9.341 1
9.342 1
9.343 1
9.344 1
9.345 1
9.346 1
9.347 1
9.348 1
9.349 1
9.35 1
9.351 1
9.352 1
9.353 1
9.354 1
9.355 1
9.356 1
9.357 1
9.358 1
9.359 1
9.36 1
9.361 1
9.362 1
9.363 1
9.364 1
9.365 1
9.366 1
9.367 1
9.368 1
9.369 1
9.37 1
9.371 1
9.372 1
9.373 1
9.374 1
9.375 1
9.376 1
9.377 1
9.378 1
9.379 1
9.38 1
9.381 1
9.382 1
9.383 1
9.384 1
9.385 1
9.386 1
9.387 1
9.388 1
9.389 1
9.39 1
9.391 1
9.392 1
9.393 1
9.394 1
9.395 1
9.396 1
9.397 1
9.398 1
9.399 1
9.4 1
9.401 1
9.402 1
9.403 1
9.404 1
9.405 1
9.406 1
9.407 1
9.408 1
9.409 1
9.41 1
9.411 1
9.412 1
9.413 1
9.414 1
9.415 1
9.416 1
9.417 1
9.418 1
9.419 1
9.42 1
9.421 1
9.422 1
9.423 1
9.424 1
9.425 1
9.426 1
9.427 1
9.428 1
9.429 1
9.43 1
9.431 1
9.432 1
9.433 1
9.434 1
9.435 1
9.436 1
9.437 1
9.438 1
9.439 1
9.44 1
9.441 1
9.442 1
9.443 1
9.444 1
9.445 1
9.446 1
9.447 1
9.448 1
9.449 1
9.45 1
9.451 1
9.452 1
9.453 1
9.454 1
9.455 1
9.456 1
9.457 1
9.458 1
9.459 1
9.46 1
9.461 1
9.462 1
9.463 1
9.464 1
9.465 1
9.466 1
9.467 1
9.468 1
9.469 1
9.47 1
9.471 1
9.472 1
9.473 1
9.474 1
9.475 1
9.476 1
9.477 1
9.478 1
9.479 1
9.48 1
9.481 1
9.482 1
9.483 1
9.484 1
9.485 1
9.486 1
9.487 1
9.488 1
9.489 1
9.49 1
9.491 1
9.492 1
9.493 1
9.494 1
9.495 1
9.496 1
9.497 1
9.498 1
9.499 1
9.5 1
9.501 1
9.502 1
9.503 1
9.504 1
9.505 1
9.506 1
9.507 1
9.508 1
9.509 1
9.51 1
9.511 1
9.512 1
9.513 1
9.514 1
9.515 1
9.516 1
9.517 1
9.518 1
9.519 1
9.52 1
9.521 1
9.522 1
9.523 1
9.524 1
9.525 1
9.526 1
9.527 1
9.528 1
9.529 1
9.53 1
9.531 1
9.532 1
9.533 1
9.534 1
9.535 1
9.536 1
9.537 1
9.538 1
9.539 1
9.54 1
9.541 1
9.542 1
9.543 1
9.544 1
9.545 1
9.546 1
9.547 1
9.548 1
9.549 1
9.55 1
9.551 1
9.552 1
9.553 1
9.554 1
9.555 1
9.556 1
9.557 1
9.558 1
9.559 1
9.56 1
9.561 1
9.562 1
9.563 1
9.564 1
9.565 1
9.566 1
9.567 1
9.568 1
9.569 1
9.57 1
9.571 1
9.572 1
9.573 1
9.574 1
9.575 1
9.576 1
9.577 1
9.578 1
9.579 1
9.58 1
9.581 1
9.582 1
9.583 1
9.584 1
9.585 1
9.586 1
9.587 1
9.588 1
9.589 1
9.59 1
9.591 1
9.592 1
9.593 1
9.594 1
9.595 1
9.596 1
9.597 1
9.598 1
9.599 1
9.6 1
9.601 1
9.602 1
9.603 1
9.604 1
9.605 1
9.606 1
9.607 1
9.608 1
9.609 1
9.61 1
9.611 1
9.612 1
9.613 1
9.614 1
9.615 1
9.616 1
9.617 1
9.618 1
9.619 1
9.62 1
9.621 1
9.622 1
9.623 1
9.624 1
9.625 1
9.626 1
9.627 1
9.628 1
9.629 1
9.63 1
9.631 1
9.632 1
9.633 1
9.634 1
9.635 1
9.636 1
9.637 1
9.638 1
9.639 1
9.64 1
9.641 1
9.642 1
9.643 1
9.644 1
9.645 1
9.646 1
9.647 1
9.648 1
9.649 1
9.65 1
9.651 1
9.652 1
9.653 1
9.654 1
9.655 1
9.656 1
9.657 1
9.658 1
9.659 1
9.66 1
9.661 1
9.662 1
9.663 1
9.664 1
9.665 1
9.666 1
9.667 1
9.668 1
9.669 1
9.67 1
9.671 1
9.672 1
9.673 1
9.674 1
9.675 1
9.676 1
9.677 1
9.678 1
9.679 1
9.68 1
9.681 1
9.682 1
9.683 1
9.684 1
9.685 1
9.686 1
9.687 1
9.688 1
9.689 1
9.69 1
9.691 1
9.692 1
9.693 1
9.694 1
9.695 1
9.696 1
9.697 1
9.698 1
9.699 1
9.7 1
9.701 1
9.702 1
9.703 1
9.704 1
9.705 1
9.706 1
9.707 1
9.708 1
9.709 1
9.71 1
9.711 1
9.712 1
9.713 1
9.714 1
9.715 1
9.716 1
9.717 1
9.718 1
9.719 1
9.72 1
9.721 1
9.722 1
9.723 1
9.724 1
9.725 1
9.726 1
9.727 1
9.728 1
9.729 1
9.73 1
9.731 1
9.732 1
9.733 1
9.734 1
9.735 1
9.736 1
9.737 1
9.738 1
9.739 1
9.74 1
9.741 1
9.742 1
9.743 1
9.744 1
9.745 1
9.746 1
9.747 1
9.748 1
9.749 1
9.75 1
9.751 1
9.752 1
9.753 1
9.754 1
9.755 1
9.756 1
9.757 1
9.758 1
9.759 1
9.76 1
9.761 1
9.762 1
9.763 1
9.764 1
9.765 1
9.766 1
9.767 1
9.768 1
9.769 1
9.77 1
9.771 1
9.772 1
9.773 1
9.774 1
9.775 1
9.776 1
9.777 1
9.778 1
9.779 1
9.78 1
9.781 1
9.782 1
9.783 1
9.784 1
9.785 1
9.786 1
9.787 1
9.788 1
9.789 1
9.79 1
9.791 1
9.792 1
9.793 1
9.794 1
9.795 1
9.796 1
9.797 1
9.798 1
9.799 1
9.8 1
9.801 1
9.802 1
9.803 1
9.804 1
9.805 1
9.806 1
9.807 1
9.808 1
9.809 1
9.81 1
9.811 1
9.812 1
9.813 1
9.814 1
9.815 1
9.816 1
9.817 1
9.818 1
9.819 1
9.82 1
9.821 1
9.822 1
9.823 1
9.824 1
9.825 1
9.826 1
9.827 1
9.828 1
9.829 1
9.83 1
9.831 1
9.832 1
9.833 1
9.834 1
9.835 1
9.836 1
9.837 1
9.838 1
9.839 1
9.84 1
9.841 1
9.842 1
9.843 1
9.844 1
9.845 1
9.846 1
9.847 1
9.848 1
9.849 1
9.85 1
9.851 1
9.852 1
9.853 1
9.854 1
9.855 1
9.856 1
9.857 1
9.858 1
9.859 1
9.86 1
9.861 1
9.862 1
9.863 1
9.864 1
9.865 1
9.866 1
9.867 1
9.868 1
9.869 1
9.87 1
9.871 1
9.872 1
9.873 1
9.874 1
9.875 1
9.876 1
9.877 1
9.878 1
9.879 1
9.88 1
9.881 1
9.882 1
9.883 1
9.884 1
9.885 1
9.886 1
9.887 1
9.888 1
9.889 1
9.89 1
9.891 1
9.892 1
9.893 1
9.894 1
9.895 1
9.896 1
9.897 1
9.898 1
9.899 1
9.9 1
9.901 1
9.902 1
9.903 1
9.904 1
9.905 1
9.906 1
9.907 1
9.908 1
9.909 1
9.91 1
9.911 1
9.912 1
9.913 1
9.914 1
9.915 1
9.916 1
9.917 1
9.918 1
9.919 1
9.92 1
9.921 1
9.922 1
9.923 1
9.924 1
9.925 1
9.926 1
9.927 1
9.928 1
9.929 1
9.93 1
9.931 1
9.932 1
9.933 1
9.934 1
9.935 1
9.936 1
9.937 1
9.938 1
9.939 1
9.94 1
9.941 1
9.942 1
9.943 1
9.944 1
9.945 1
9.946 1
9.947 1
9.948 1
9.949 1
9.95 1
9.951 1
9.952 1
9.953 1
9.954 1
9.955 1
9.956 1
9.957 1
9.958 1
9.959 1
9.96 1
9.961 1
9.962 1
9.963 1
9.964 1
9.965 1
9.966 1
9.967 1
9.968 1
9.969 1
9.97 1
9.971 1
9.972 1
9.973 1
9.974 1
9.975 1
9.976 1
9.977 1
9.978 1
9.979 1
9.98 1
9.981 1
9.982 1
9.983 1
9.984 1
9.985 1
9.986 1
9.987 1
9.988 1
9.989 1
9.99 1
9.991 1
9.992 1
9.993 1
9.994 1
9.995 1
9.996 1
9.997 1
9.998 1
9.999 1
10 1
