0.45571139487
0.54678235901
0.56819779790
0.57817578020
0.58399076751
0.58780815062
0.59050947161
0.59252293983
0.59408213669
0.59532547139
0.59634023340
0.59718422408
0.59789725108
0.59850763060
0.59903605805
0.59949801188
0.59990530106
0.60026709219
0.60059060982
0.60088162511
0.60114480397
0.60138395964
0.60160223903
0.60180226226
0.60198622841
0.60215599696
0.60231315081
0.60245904598
0.60259485079
0.60272157727
0.60284010649
0.60295120903
0.60305556182
0.60315376192
0.60324633801
0.60333375983
0.60341644624
0.60349477192
0.60356907301
0.60363965197
0.60370678169
0.60377070903
0.60383165781
0.60388983149
0.60394541541
0.60399857875
0.60404947627
0.60409824982
0.60414502964
0.60418993554
0.60423307793
0.60427455868
0.60431447199
0.60435290506
0.60438993875
0.60442564811
0.60446010295
0.60449336824
0.60452550454
0.60455656837
0.60458661254
0.60461568644
0.60464383633
0.60467110557
0.60469753487
0.60472316243
0.60474802419
0.60477215398
0.60479558365
0.60481834325
0.60484046111
0.60486196399
0.60488287720
0.60490322467
0.60492302904
0.60494231177
0.60496109321
0.60497939266
0.60499722842
0.60501461792
0.60503157769
0.60504812346
0.60506427021
0.60508003221
0.60509542305
0.60511045568
0.60512514246
0.60513949520
0.60515352516
0.60516724311
0.60518065935
0.60519378371
0.60520662564
0.60521919413
0.60523149784
0.60524354504
0.60525534368
0.60526690137
0.60527822541
0.60528932282
0.60530020034
0.60531086443
0.60532132132
0.60533157699
0.60534163719
0.60535150746
0.60536119312
0.60537069931
0.60538003097
0.60538919286
0.60539818958
0.60540702554
0.60541570503
0.60542423215
0.60543261090
0.60544084510
0.60544893846
0.60545689458
0.60546471691
0.60547240879
0.60547997347
0.60548741407
0.60549473362
0.60550193505
0.60550902119
0.60551599481
0.60552285854
0.60552624998
0.60552961497
0.60553626661
0.60554281585
0.60554926506
0.60555561651
0.60556187240
0.60556803487
0.60557410600
0.60558008781
0.60558598226
0.60559179123
0.60559751659
0.60560316011
0.60560872355
0.60561420860
0.60561961690
0.60562495005
0.60563020960
0.60563539708
0.60564051395
0.60564556164
0.60565054154
0.60565545502
0.60566030339
0.60566508795
0.60566980993
0.60567447056
0.60567907103
0.60568361250
0.60568809609
0.60569252290
0.60569689400
0.60570121045
0.60570547325
0.60570968341
0.60571384189
0.60571794963
0.60572200757
0.60572601659
0.60572997759
0.60573389141
0.60573775890
0.60574158087
0.60574535812
0.60574909143
0.60575278157
0.60575642928
0.60576003528
0.60576360030
0.60576712501
0.60577061011
0.60577405626
0.60577746410
0.60578083427
0.60578416739
0.60578746408
0.60579072491
0.60579395049
0.60579714137
0.60580029811
0.60580342125
0.60580651134
0.60580956889
0.60581259441
0.60581558840
0.60581855136
0.60582148376
0.60582438608
0.60582725877
0.60583010229
0.60583291708
0.60583570357
0.60583846218
0.60584119334
0.60584389745
0.60584657491
0.60584922611
0.60585185143
0.60585445127
0.60585702597
0.60585957591
0.60586210144
0.60586460291
0.60586708067
0.60586953504
0.60587196636
0.60587437495
0.60587676112
0.60587912520
0.60588146748
0.60588378827
0.60588608786
0.60588836653
0.60589062458
0.60589286228
0.60589507991
0.60589727772
0.60589945600
0.60590161500
0.60590375497
0.60590587616
0.60590797882
0.60591006319
0.60591212951
0.60591417801
0.60591620892
0.60591822248
0.60592021889
0.60592219837
0.60592416115
0.60592610743
0.60592803742
0.60592995132
0.60593184933
0.60593373166
0.60593559848
0.60593745000
0.60593928641
0.60594110788
0.60594291459
0.60594470674
0.60594648448
0.60594824800
0.60594999746
0.60595173304
0.60595345489
0.60595516318
0.60595685807
0.60595853972
0.60596020827
0.60596186389
0.60596350672
0.60596513691
0.60596675460
0.60596835995
0.60596995308
0.60597153414
0.60597310326
0.60597466059
0.60597620624
0.60597774036
0.60597926307
0.60598077450
0.60598227477
0.60598376401
0.60598524233
0.60598670986
0.60598816672
0.60598961301
0.60599104886
0.60599247438
0.60599388968
0.60599529487
0.60599669005
0.60599807534
0.60599945083
0.60600081664
0.60600217286
0.60600351959
0.60600485693
0.60600618499
0.60600750385
0.60600881362
0.60601011438
0.60601140623
0.60601268927
0.60601396357
0.60601522923
0.60601648633
0.60601773497
0.60601897523
0.60602020719
0.60602143094
0.60602264655
0.60602385411
0.60602505370
0.60602624539
0.60602742927
0.60602860541
0.60602977388
0.60603093477
0.60603208814
0.60603323407
0.60603437263
0.60603550388
0.60603662791
0.60603774478
0.60603885455
0.60603995730
0.60604105309
0.60604214199
0.60604322406
0.60604429936
0.60604536797
0.60604642993
0.60604748532
0.60604853419
0.60604957661
0.60605061263
0.60605164231
0.60605266571
0.60605368289
0.60605469391
0.60605569881
0.60605669766
0.60605769051
0.60605867741
0.60605965842
0.60606063359
0.60606160297
0.60606256662
0.60606352457
0.60606447690
0.60606542363
0.60606636483
0.60606730054
0.60606823081
0.60606915568
0.60607007521
0.60607098943
0.60607189840
0.60607280216
0.60607370076
0.60607459423
0.60607548263
0.60607636599
0.60607724437
0.60607811779
0.60607898630
0.60607984995
0.60608070877
0.60608156281
0.60608241210
0.60608325668
0.60608409660
0.60608493189
0.60608576259
0.60608658874
0.60608822752
0.60608904023
0.60608984854
0.60609065248
0.60609145208
0.60609224738
0.60609303842
0.60609382522
0.60609538628
0.60609616059
0.60609693081
0.60609769696
0.60609845908
0.60609921720
0.60610072156
0.60610146786
0.60610221028
0.60610294886
0.60610441459
0.60610514180
0.60610586528
0.60610658506
0.60610730117
0.60610872248
0.60610942774
0.60611012943
0.60611152224
0.60611221341
0.60611290112
0.60611426627
0.60611494377
0.60611561791
0.60611695623
0.60611762045
0.60611828142
0.60611959369
0.60612024503
0.60612089321
0.60612218018
0.60612281901
0.60612408747
0.60612471715
0.60612534383
0.60612658825
0.60612720603
0.60612843286
0.60612904194
0.60613025154
0.60613085211
0.60613204485
0.60613263707
0.60613381331
0.60613439736
0.60613555742
0.60613670689
0.60613727769
0.60613841154
0.60613897461
0.60614009315
0.60614120165
0.60614175218
0.60614284589
0.60614338909
0.60614446830
0.60614553799
0.60614659829
0.60614712497
0.60614817143
0.60614920881
0.60614972413
0.60615074811
0.60615176329
0.60615276980
0.60615376774
0.60615426354
0.60615524883
0.60615622583
0.60615719463
0.60615815534
0.60615910806
0.60616005289
0.60616052238
0.60616145555
0.60616238108
0.60616329905
0.60616420956
0.60616511269
0.60616600854
0.60616689719
0.60616777873
0.60616865325
0.60616995203
0.60617080935
0.60617165993
0.60617250385
0.60617334119
0.60617417202
0.60617499643
0.60617622114
0.60617702980
0.60617783228
0.60617862866
0.60617981194
0.60618059336
0.60618136892
0.60618252140
0.60618328258
0.60618403812
0.60618516100
0.60618590271
0.60618700513
0.60618773339
0.60618881591
0.60618953109
0.60619059424
0.60619129668
0.60619234098
0.60619303102
0.60619405696
0.60619507213
0.60619574300
0.60619674056
0.60619772779
0.60619870484
0.60619935063
0.60620031107
0.60620126173
0.60620220277
0.60620313434
0.60620405658
0.60620496963
0.60620587362
0.60620676868
0.60620765496
0.60620853257
0.60620940165
0.60621026232
0.60621111470
0.60621195891
0.60621307201
0.60621389761
0.60621471541
0.60621552554
0.60621659395
0.60621738657
0.60621843202
0.60621920770
0.60622023091
0.60622099019
0.60622199188
0.60622273526
0.60622371610
0.60622468531
0.60622564310
0.60622635407
0.60622729236
0.60622821976
0.60622913648
0.60623004268
0.60623093856
0.60623182429
0.60623270003
0.60623356597
0.60623463483
0.60623547928
0.60623631443
0.60623734554
0.60623816033
0.60623896632
0.60623996163
0.60624094368
0.60624171993
0.60624267874
0.60624362500
0.60624437314
0.60624529742
0.60624620982
0.60624711056
0.60624799988
0.60624887798
0.60624991719
0.60625077135
0.60625161495
0.60625261361
0.60625343466
0.60625440680
0.60625520619
0.60625615285
0.60625708603
0.60625800603
0.60625891311
0.60625980754
0.60626068960
0.60626155953
0.60626241759
0.60626340396
0.60626423710
0.60626519504
0.60626600434
0.60626693506
0.60626785160
0.60626875428
0.60626964342
0.60627051931
0.60627150449
0.60627235299
0.60627330759
0.60627412995
0.60627505537
0.60627596577
0.60627686152
0.60627774297
0.60627861045
0.60627957008
0.60628040897
0.60628133723
0.60628224950
0.60628314619
0.60628402770
0.60628498980
0.60628584049
0.60628676925
0.60628768116
0.60628857666
0.60628945621
0.60629032021
0.60629125314
0.60629216830
0.60629306617
0.60629394724
0.60629481198
0.60629573723
0.60629664415
0.60629753327
0.60629847700
0.60629933069
0.60630023717
0.60630112516
0.60630206141
0.60630297752
0.60630387414
0.60630475188
0.60630567204
0.60630657190
0.60630745213
0.60630837011
0.60630926722
0.60631014415
0.60631105453
0.60631194367
0.60631286277
0.60631375971
0.60631463528
0.60631553714
0.60631646258
0.60631736444
0.60631824361
0.60631914325
0.60632006090
0.60632095416
0.60632186298
0.60632274722
0.60632364476
0.60632455352
0.60632543668
0.60632636297
0.60632726191
0.60632813470
0.60632904428
0.60632995624
0.60633084007
0.60633175325
0.60633263734
0.60633354634
0.60633445100
0.60633535026
0.60633624313
0.60633715160
0.60633805035
0.60633895999
0.60633985708
0.60634074119
0.60634164985
0.60634254192
0.60634345229
0.60634434311
0.60634524673
0.60634614391
0.60634704782
0.60634795512
0.60634884927
0.60634975498
0.60635065562
0.60635154891
0.60635245491
0.60635334753
0.60635424524
0.60635515310
0.60635604790
0.60635695287
0.60635784630
0.60635874793
0.60635965159
0.60636055182
0.60636144992
0.60636235191
0.60636325089
0.60636415064
0.60636504849
0.60636594973
0.60636684922
0.60636774894
0.60636864870
0.60636954950
0.60637044987
0.60637134994
0.60637224955
0.60637315044
0.60637405018
0.60637495007
0.60637584984
0.60637674975
0.60637765017
0.60637855009
0.60637945008
0.60638035006
0.60638125005
0.60638214998
0.60638305001
0.60638394999
0.60638484999
0.60638575000
0.60638664999
0.60638754999
0.60638844999
0.60638934999
0.60639024999
0.60639115001
0.60639205001
0.60639294996
0.60639384994
0.60639475001
0.60639564992
0.60639654986
0.60639744996
0.60639835038
0.60639925026
0.60640014948
0.60640105009
0.60640195046
0.60640285059
0.60640375082
0.60640465035
0.60640554935
0.60640644850
0.60640734995
0.60640825169
0.60640914815
0.60641004856
0.60641094924
0.60641185213
0.60641274933
0.60641365082
0.60641455034
0.60641544798
0.60641635257
0.60641725139
0.60641814651
0.60641905056
0.60641995058
0.60642085152
0.60642174921
0.60642265047
0.60642355200
0.60642445016
0.60642535417
0.60642624772
0.60642715514
0.60642804507
0.60642894390
0.60642985014
0.60643074489
0.60643164209
0.60643255838
0.60643345487
0.60643434710
0.60643525347
0.60643615180
0.60643703918
0.60643795936
0.60643884134
0.60643975455
0.60644064866
0.60644154688
0.60644244807
0.60644335098
0.60644425430
0.60644515662
0.60644605644
0.60644695218
0.60644784216
0.60644875907
0.60644963316
0.60645053246
0.60645145806
0.60645233386
0.60645323389
0.60645415916
0.60645506881
0.60645596049
0.60645683179
0.60645777076
0.60645864242
0.60645953589
0.60646045201
0.60646134160
0.60646225307
0.60646313474
0.60646403740
0.60646496178
0.60646585235
0.60646676358
0.60646763725
0.60646853034
0.60646944349
0.60647037740
0.60647126840
0.60647217871
0.60647304185
0.60647392270
0.60647482184
0.60647573982
0.60647667726
0.60647756039
0.60647846114
0.60647938004
0.60648023878
0.60648111368
0.60648208709
0.60648291383
0.60648384004
0.60648478437
0.60648565902
0.60648654950
0.60648745624
0.60648837970
0.60648922548
0.60649018199
0.60649105832
0.60649194971
0.60649285653
0.60649377920
0.60649461300
0.60649556675
0.60649642888
0.60649730484
0.60649819497
0.60649909962
0.60650001914
0.60650095391
0.60650190430
0.60650274903
0.60650360629
0.60650460174
0.60650548684
0.60650638539
0.60650729770
0.60650809087
0.60650902960
0.60650998302
0.60651081220
0.60651179385
0.60651264777
0.60651351348
0.60651439122
0.60651528126
0.60651618384
0.60651709924
0.60651802773
0.60651896960
0.60651992513
0.60652073207
0.60652171344
0.60652254234
0.60652338152
0.60652440239
0.60652526488
0.60652613829
0.60652702283
0.60652791870
0.60652882613
0.60652974535
0.60653067658
0.60653162007
0.60653238384
0.60653334999
0.60653432910
0.60653512188
0.60653612496
0.60653693728
0.60653775851
0.60653879781
0.60653963964
0.60654049088
0.60654135167
0.60654244137
0.60654332429
0.60654421731
0.60654512060
0.60654603436
0.60654695875
0.60654765914
0.60654860261
0.60654955724
0.60655052324
0.60655125531
0.60655224169
0.60655324000
0.60655399670
0.60655501643
0.60655578945
0.60655683129
0.60655762117
0.60655841843
0.60655949314
0.60656030807
0.60656113074
0.60656223989
0.60656308108
0.60656393039
0.60656478795
0.60656565388
0.60656652830
0.60656741133
0.60656830310
0.60656920374
0.60657011339
0.60657103218
0.60657196025
0.60657289775
0.60657384480
0.60657480157
0.60657576821
0.60657641818
0.60657740159
0.60657839529
0.60657939942
0.60658007472
0.60658109662
0.60658178393
0.60658282408
0.60658387541
0.60658458260
0.60658565297
0.60658637303
0.60658746297
0.60658819625
0.60658930630
0.60659005317
0.60659080558
0.60659194472
0.60659271126
0.60659348357
0.60659465297
0.60659543997
0.60659623296
0.60659743384
0.60659824213
0.60659905665
0.60659987749
0.60660070472
0.60660195770
0.60660280122
0.60660365140
0.60660450832
0.60660537204
0.60660624266
0.60660712026
0.60660800492
0.60660889673
0.60660979578
0.60661070214
0.60661161592
0.60661253721
0.60661346609
0.60661440267
0.60661534703
0.60661629928
0.60661725951
0.60661774265
0.60661871504
0.60661969568
0.60662068466
0.60662168210
0.60662268809
0.60662319433
0.60662421338
0.60662524126
0.60662627810
0.60662679992
0.60662785041
0.60662891016
0.60662944355
0.60663051741
0.60663160084
0.60663214618
0.60663324420
0.60663435211
0.60663490981
0.60663603281
0.60663659814
0.60663773653
0.60663888537
0.60663946375
0.60664062853
0.60664121496
0.60664239600
0.60664299065
0.60664418831
0.60664479135
0.60664600598
0.60664661759
0.60664784954
0.60664846992
0.60664971957
0.60665034889
0.60665098124
0.60665225509
0.60665289665
0.60665418912
0.60665484008
0.60665549423
0.60665681216
0.60665747600
0.60665814311
0.60665948727
0.60666016436
0.60666084483
0.60666221600
0.60666290676
0.60666360099
0.60666500000
0.60666570483
0.60666641324
0.60666712527
0.60666856028
0.60666928332
0.60667001009
0.60667074061
0.60667221303
0.60667295499
0.60667370083
0.60667445057
0.60667520425
0.60667672353
0.60667748920
0.60667825893
0.60667903275
0.60667981070
0.60668059281
0.60668216964
0.60668296443
0.60668376352
0.60668456694
0.60668537472
0.60668618690
0.60668700352
0.60668782462
0.60668865022
0.60669031511
0.60669115448
0.60669199850
0.60669284723
0.60669370070
0.60669455895
0.60669542201
0.60669628995
0.60669716278
0.60669804056
0.60669892332
0.60669981111
0.60670070398
0.60670160196
0.60670250510
0.60670341345
0.60670432704
0.60670524594
0.60670617017
0.60670709979
0.60670803485
0.60670897538
0.60670992146
0.60671087311
0.60671183039
0.60671279335
0.60671376204
0.60671473652
0.60671571683
0.60671670303
0.60671769516
0.60671869329
0.60671969747
0.60672070775
0.60672172419
0.60672274685
0.60672377578
0.60672481104
0.60672585269
0.60672690078
0.60672795539
0.60672901657
0.60673008437
0.60673115887
0.60673224013
0.60673332821
0.60673442317
0.60673552509
0.60673663402
0.60673775003
0.60673887320
0.60674000359
0.60674114128
0.60674228632
0.60674343880
0.60674459878
0.60674576635
0.60674694157
0.60674812452
0.60674931527
0.60675051391
0.60675172052
0.60675293516
0.60675415793
0.60675538891
0.60675662817
0.60675787580
0.60675913189
0.60676039653
0.60676166979
0.60676295177
0.60676424257
0.60676554226
0.60676685095
0.60676816872
0.60676949567
0.60677083190
0.60677217751
0.60677353259
0.60677489724
0.60677627157
0.60677765568
0.60677904968
0.60678045367
0.60678186775
0.60678329204
0.60678472665
0.60678617170
0.60678762728
0.60678909353
0.60679057056
0.60679205849
0.60679355744
0.60679506752
0.60679658888
0.60679812163
0.60679966590
0.60680122182
0.60680278953
0.60680436916
0.60680596084
0.60680756472
0.60680918093
0.60681080962
0.60681245093
0.60681410501
0.60681577201
0.60681745208
0.60681914538
0.60682085206
0.60682257229
0.60682430622
0.60682605401
0.60682781584
0.60682959188
0.60683138229
0.60683318726
0.60683500696
0.60683684157
0.60683869127
0.60684055626
0.60684243672
0.60684433285
0.60684624484
0.60684817290
0.60685011722
0.60685207802
0.60685405550
0.60685604987
0.60685806137
0.60686009019
0.60686213658
0.60686420076
0.60686628296
0.60686838343
0.60687050239
0.60687264010
0.60687479681
0.60687697277
0.60687916824
0.60688138349
0.60688361878
0.60688587438
0.60688815058
0.60689044765
0.60689276589
0.60689510559
0.60689746704
0.60689985057
0.60690225646
0.60690468505
0.60690713665
0.60690961159
0.60691211021
0.60691463285
0.60691717986
0.60691975158
0.60692234839
0.60692497065
0.60692761874
0.60693029305
0.60693299395
0.60693572185
0.60693847717
0.60694126030
0.60694407169
0.60694691175
0.60694978094
0.60695267969
0.60695560847
0.60695856776
0.60696155802
0.60696457975
0.60696763344
0.60697071961
0.60697383878
0.60697699148
0.60698017825
0.60698339965
0.60698665625
0.60698994862
0.60699327736
0.60699664307
0.60700004638
0.60700348791
0.60700696832
0.60701048827
0.60701404843
0.60701764951
0.60702129219
0.60702497723
0.60702870534
0.60703247731
0.60703629389
0.60704015590
0.60704406414
0.60704801946
0.60705202270
0.60705607474
0.60706017649
0.60706432886
0.60706853279
0.60707278925
0.60707709924
0.60708146376
0.60708588386
0.60709036061
0.60709489511
0.60709948847
0.60710414185
0.60710885644
0.60711363345
0.60711847413
0.60712337977
0.60712835167
0.60713339119
0.60713849972
0.60714367868
0.60714892955
0.60715425383
0.60715965306
0.60716512886
0.60717068284
0.60717631671
0.60718203220
0.60718783109
0.60719371523
0.60719968650
0.60720574686
0.60721189831
0.60721814293
0.60722448285
0.60723092026
0.60723745744
0.60724409671
0.60725084050
0.60725769128
0.60726465163
0.60727172419
0.60727891171
0.60728621700
0.60729364298
0.60730119267
0.60730886919
0.60731667576
0.60732461572
0.60733269251
0.60734090969
0.60734927097
0.60735778017
0.60736644124
0.60737525830
0.60738423558
0.60739337750
0.60740268864
0.60741217372
0.60742183768
0.60743168563
0.60744172285
0.60745195488
0.60746238742
0.60747302645
0.60748387814
0.60749494893
0.60750624555
0.60751777495
0.60752954441
0.60754156152
0.60755383417
0.60756637059
0.60757917939
0.60759226953
0.60760565040
0.60761933179
0.60763332393
0.60764763754
0.60766228382
0.60767727450
0.60769262189
0.60770833886
0.60772443893
0.60774093627
0.60775784579
0.60777518311
0.60779296469
0.60781120782
0.60782993071
0.60784915253
0.60786889350
0.60788917495
0.60791001937
0.60793145054
0.60795349359
0.60797617510
0.60799952322
0.60802356777
0.60804834040
0.60807387468
0.60810020628
0.60812737316
0.60815541568
0.60818437689
0.60821430269
0.60824524208
0.60827724745
0.60831037486
0.60834468438
0.60838024042
0.60841711219
0.60845537409
0.60849510627
0.60853639513
0.60857933400
0.60862402380
0.60867057389
0.60871910288
0.60876973974
0.60882262484
0.60887791135
0.60893576665
0.60899637404
0.60905993471
0.60912666994
0.60919682370
0.60927066559
0.60934849436
0.60943064191
0.60951747805
0.60960941606
0.60970691925
0.60981050883
0.60992077317
0.61003837905
0.61016408514
0.61029875840
0.61044339411
0.61059914060
0.61076732974
0.61094951526
0.61114752094
0.61136350193
0.61160002368
0.61186016455
0.61214765074
0.61246703637
0.61282394715
0.61322541552
0.61368035024
0.61420020770
0.61479997409
0.61549964090
0.61632648965
0.61731875745
0.61853176952
0.62004872976
0.62200092241
0.62460861975
0.62827291911
0.63381374247
0.64323830216
0.66349902831
0.81644481353
0.84407844377
1.02694696858
0.86654909883
0.85799953391
0.88229708263
1.21324557088
0.97962837329
0.89128540894
0.87657975123
0.91392209656
0.90817445177
0.88961175537
0.87236237619
0.88432554092
0.89611851853
0.91520067071
0.94633295413
0.87978186553
0.89555142033
0.90305116842
0.91244850166
0.92387936087
0.93862088375
0.95835106502
0.88599633875
0.88739654969
0.88858706396
0.89050304412
0.89197768042
0.89259458232
0.89314779401
0.89364669904
0.89409892310
0.89451072747
0.89488730115
0.89523298111
0.89584571754
0.89637209604
0.89660841322
0.89682917470
0.89703586774
0.89722979583
0.89741210622
0.89758381269
0.89774581435
0.89789891146
0.89804381864
0.89818117603
0.89831155872
0.89843548485
0.89855342248
0.89866579548
0.89877298863
0.89887535205
0.89897320498
0.89906683913
0.89915652161
0.89924249741
0.89932499171
0.89940421178
0.89948034877
0.89955357925
0.89962406654
0.89969196195
0.89975740586
0.89982052870
0.89988145180
0.89994028820
0.89999714329
0.90005211550
0.90010529685
0.90015677345
0.90020662597
0.90025493010
0.90030175686
0.90034717302
0.90039124136
0.90043402102
0.90047556771
0.90051593397
0.90055516942
0.90059332090
0.90063043274
0.90066654686
0.90070170295
0.90073593865
0.90076928963
0.90080178975
0.90083347116
0.90086436442
0.90089449856
0.90092390124
0.90095259877
0.90098061621
0.90100797746
0.90103470530
0.90106082148
0.90108634676
0.90111130096
0.90113570305
0.90115957114
0.90118292257
0.90120577394
0.90122814114
0.90125003941
0.90127148332
0.90129248689
0.90131306353
0.90133322613
0.90135298706
0.90137235822
0.90139135101
0.90140997641
0.90142824499
0.90144616690
0.90146375192
0.90148100946
0.90149794857
0.90151457800
0.90153090616
0.90154694116
0.90156269083
0.90157816271
0.90159336410
0.90160830201
0.90162298326
0.90163741438
0.90165160173
0.90166555143
0.90167926939
0.90169276135
0.90170603285
0.90171908924
0.90173193571
0.90174457729
0.90175701883
0.90176926506
0.90178132052
0.90179318965
0.90180487674
0.90181638593
0.90182772126
0.90183888664
0.90184988587
0.90186072262
0.90187140047
0.90188192288
0.90189229324
0.90190251480
0.90191259075
0.90192252419
0.90193231810
0.90194197542
0.90195149897
0.90196089152
0.90197015576
0.90197929428
0.90198830965
0.90199720432
0.90200598072
0.90201464117
0.90202318796
0.90203162332
0.90203994941
0.90204816835
0.90205628218
0.90206429290
0.90207220248
0.90208001282
0.90208772577
0.90209534313
0.90210286669
0.90211029816
0.90211763922
0.90212489151
0.90213205663
0.90213913614
0.90214613158
0.90215304442
0.90215987612
0.90216662810
0.90217330176
0.90217989843
0.90218641946
0.90219286613
0.90219923970
0.90220554142
0.90221177249
0.90221793410
0.90222402739
0.90223005350
0.90223601353
0.90224190857
0.90224773966
0.90225350786
0.90225921416
0.90226485956
0.90227044503
0.90227597152
0.90228143996
0.90228685125
0.90229220630
0.90229750596
0.90230275110
0.90230794255
0.90231308114
0.90231816766
0.90232320291
0.90232818765
0.90233312264
0.90233800862
0.90234284633
0.90234763646
0.90235237973
0.90235707680
0.90236172836
0.90236633507
0.90237089757
0.90237541648
0.90237989244
0.90238432606
0.90238871792
0.90239306863
0.90239737875
0.90240164885
0.90240587948
0.90241007119
0.90241422452
0.90241833999
0.90242241811
0.90242645939
0.90243046432
0.90243443340
0.90243836711
0.90244226591
0.90244613027
0.90244996064
0.90245375747
0.90245752120
0.90246125226
0.90246495107
0.90246861804
0.90247225360
0.90247585813
0.90247943204
0.90248297571
0.90248648953
0.90248997386
0.90249342909
0.90249685558
0.90250025367
0.90250362373
0.90250696609
0.90251028111
0.90251356910
0.90251683041
0.90252006535
0.90252327425
0.90252645741
0.90252961515
0.90253274776
0.90253585556
0.90253893882
0.90254199785
0.90254503291
0.90254804431
0.90255103231
0.90255399717
0.90255693918
0.90255985860
0.90256275567
0.90256563067
0.90256848383
0.90257131541
0.90257412566
0.90257691480
0.90257968308
0.90258243074
0.90258515800
0.90258786508
0.90259055222
0.90259321962
0.90259586752
0.90259849611
0.90260110561
0.90260369623
0.90260626818
0.90260882164
0.90261135683
0.90261387394
0.90261637315
0.90261885467
0.90262131867
0.90262376535
0.90262619488
0.90262860744
0.90263100321
0.90263338237
0.90263574509
0.90263809154
0.90264042188
0.90264273628
0.90264503490
0.90264731791
0.90264958546
0.90265183771
0.90265407482
0.90265629693
0.90265850419
0.90266069676
0.90266287479
0.90266503840
0.90266718776
0.90266932299
0.90267144424
0.90267355164
0.90267564533
0.90267772544
0.90267979211
0.90268184546
0.90268388562
0.90268591272
0.90268792689
0.90268992824
0.90269191690
0.90269389299
0.90269585663
0.90269780793
0.90269974702
0.90270167400
0.90270358899
0.90270549210
0.90270738344
0.90270926312
0.90271113125
0.90271298793
0.90271483327
0.90271666736
0.90271849033
0.90272030226
0.90272210325
0.90272389341
0.90272567283
0.90272744160
0.90272919983
0.90273094760
0.90273268502
0.90273441217
0.90273612913
0.90273783601
0.90273953290
0.90274121986
0.90274289701
0.90274456441
0.90274622216
0.90274787034
0.90274950903
0.90275113831
0.90275275827
0.90275436898
0.90275597052
0.90275756298
0.90275914642
0.90276072092
0.90276228657
0.90276384342
0.90276539157
0.90276693108
0.90276846202
0.90276998446
0.90277149848
0.90277300414
0.90277450152
0.90277599068
0.90277747169
0.90277894461
0.90278040951
0.90278186647
0.90278331553
0.90278475677
0.90278619025
0.90278761603
0.90278903417
0.90279044474
0.90279184779
0.90279324339
0.90279463159
0.90279601245
0.90279738604
0.90279875240
0.90280011160
0.90280146369
0.90280280872
0.90280414676
0.90280547786
0.90280680206
0.90280811943
0.90280943001
0.90281073386
0.90281203104
0.90281332158
0.90281460555
0.90281588299
0.90281715395
0.90281841848
0.90281967664
0.90282092846
0.90282217400
0.90282341329
0.90282464640
0.90282587337
0.90282709424
0.90282830905
0.90282951786
0.90283072070
0.90283191762
0.90283310867
0.90283429388
0.90283547331
0.90283664698
0.90283781495
0.90283897726
0.90284013394
0.90284128504
0.90284243060
0.90284357066
0.90284470525
0.90284583442
0.90284695821
0.90284807665
0.90284918978
0.90285029764
0.90285140026
0.90285249769
0.90285358997
0.90285467711
0.90285575918
0.90285683618
0.90285790818
0.90285897519
0.90286003725
0.90286109441
0.90286214668
0.90286319411
0.90286423673
0.90286527456
0.90286630766
0.90286733604
0.90286835974
0.90286937879
0.90287039322
0.90287140307
0.90287240836
0.90287340913
0.90287440541
0.90287539722
0.90287638459
0.90287736757
0.90287834617
0.90287932042
0.90288029035
0.90288125600
0.90288221739
0.90288317455
0.90288412750
0.90288507628
0.90288602091
0.90288696142
0.90288789783
0.90288883018
0.90288975848
0.90289068277
0.90289160307
0.90289251940
0.90289343180
0.90289434029
0.90289524489
0.90289614562
0.90289704252
0.90289793560
0.90289882490
0.90289971043
0.90290059222
0.90290147029
0.90290234467
0.90290321538
0.90290408244
0.90290494587
0.90290580570
0.90290666196
0.90290751465
0.90290836381
0.90291005161
0.90291089030
0.90291172553
0.90291255734
0.90291338575
0.90291421076
0.90291503242
0.90291585073
0.90291666571
0.90291747739
0.90291828579
0.90291989282
0.90292069148
0.90292148694
0.90292227922
0.90292306833
0.90292385429
0.90292463712
0.90292619347
0.90292696703
0.90292773753
0.90292850500
0.90292926944
0.90293003089
0.90293154484
0.90293229739
0.90293304700
0.90293379370
0.90293453751
0.90293601648
0.90293675169
0.90293748407
0.90293821364
0.90293966438
0.90294038560
0.90294110407
0.90294181980
0.90294324312
0.90294395074
0.90294465568
0.90294535797
0.90294675463
0.90294744904
0.90294814084
0.90294951671
0.90295020080
0.90295088236
0.90295223790
0.90295291191
0.90295358344
0.90295491910
0.90295558325
0.90295624497
0.90295756118
0.90295821569
0.90295886782
0.90296016500
0.90296081008
0.90296209326
0.90296273139
0.90296336723
0.90296463209
0.90296526114
0.90296651252
0.90296713487
0.90296837299
0.90296898876
0.90297021382
0.90297082312
0.90297203532
0.90297263824
0.90297383779
0.90297443444
0.90297562153
0.90297621200
0.90297738684
0.90297797122
0.90297913399
0.90297971238
0.90298086326
0.90298143576
0.90298257492
0.90298370639
0.90298426926
0.90298538931
0.90298594651
0.90298705533
0.90298815674
0.90298870469
0.90298979515
0.90299087838
0.90299141732
0.90299248986
0.90299355536
0.90299408550
0.90299514057
0.90299618877
0.90299671032
0.90299774835
0.90299877967
0.90299980435
0.90300031422
0.90300132907
0.90300233743
0.90300333938
0.90300433497
0.90300483040
0.90300581656
0.90300679652
0.90300777032
0.90300873804
0.90300969972
0.90301065542
0.90301113105
0.90301207788
0.90301301888
0.90301395409
0.90301488356
0.90301580736
0.90301672552
0.90301763811
0.90301854516
0.90301944674
0.90302034290
0.90302123367
0.90302211911
0.90302299927
0.90302387420
0.90302474393
0.90302560852
0.90302646802
0.90302774780
0.90302859474
0.90302943674
0.90303027384
0.90303110609
0.90303193352
0.90303275618
0.90303398130
0.90303479220
0.90303559848
0.90303640016
0.90303759415
0.90303838452
0.90303917044
0.90304034104
0.90304111598
0.90304188659
0.90304303447
0.90304379442
0.90304455017
0.90304567599
0.90304642138
0.90304753183
0.90304826708
0.90304899833
0.90305008778
0.90305080918
0.90305188399
0.90305259573
0.90305365621
0.90305470821
0.90305540489
0.90305644301
0.90305713052
0.90305815502
0.90305917148
0.90305984470
0.90306084796
0.90306184343
0.90306250280
0.90306348548
0.90306446061
0.90306542826
0.90306638854
0.90306702466
0.90306797282
0.90306891382
0.90306984773
0.90307077465
0.90307169464
0.90307260778
0.90307351416
0.90307441385
0.90307530691
0.90307619343
0.90307707347
0.90307794710
0.90307881440
0.90307967543
0.90308053027
0.90308166052
0.90308250115
0.90308333580
0.90308416453
0.90308526041
0.90308607557
0.90308688503
0.90308795552
0.90308875189
0.90308954273
0.90309058871
0.90309136691
0.90309239623
0.90309316209
0.90309417514
0.90309492894
0.90309592611
0.90309691437
0.90309764979
0.90309862275
0.90309958711
0.90310054301
0.90310125443
0.90310219576
0.90310312892
0.90310405401
0.90310497113
0.90310588040
0.90310678190
0.90310767575
0.90310856203
0.90310944084
0.90311031228
0.90311117644
0.90311224654
0.90311309464
0.90311393575
0.90311476996
0.90311580313
0.90311662211
0.90311763651
0.90311844066
0.90311943679
0.90312022653
0.90312120488
0.90312198059
0.90312294163
0.90312389325
0.90312483559
0.90312558287
0.90312650884
0.90312742590
0.90312833419
0.90312923382
0.90313012491
0.90313100760
0.90313188199
0.90313292048
0.90313377703
0.90313462566
0.90313546647
0.90313646527
0.90313728925
0.90313826817
0.90313907582
0.90314003544
0.90314098476
0.90314192397
0.90314269902
0.90314362009
0.90314453147
0.90314543334
0.90314632583
0.90314720909
0.90314808326
0.90314909183
0.90314994679
0.90315079309
0.90315176968
0.90315259768
0.90315355325
0.90315449780
0.90315529877
0.90315622332
0.90315713737
0.90315804109
0.90315893467
0.90315981826
0.90316069204
0.90316167883
0.90316253212
0.90316349591
0.90316432942
0.90316527101
0.90316620106
0.90316700556
0.90316791455
0.90316881260
0.90316969991
0.90317068552
0.90317155063
0.90317240558
0.90317335547
0.90317429298
0.90317511611
0.90317603087
0.90317693393
0.90317782550
0.90317870580
0.90317967096
0.90318052817
0.90318146817
0.90318239533
0.90318321900
0.90318412246
0.90318501382
0.90318598061
0.90318684732
0.90318778756
0.90318863063
0.90318954541
0.90319044725
0.90319133643
0.90319221323
0.90319315589
0.90319408444
0.90319492348
0.90319582584
0.90319671497
0.90319766361
0.90319852611
0.90319944654
0.90320035279
0.90320124520
0.90320212407
0.90320305576
0.90320397248
0.90320487459
0.90320576242
0.90320663633
0.90320755757
0.90320846358
0.90320935473
0.90321023138
0.90321115089
0.90321205473
0.90321294328
0.90321387105
0.90321472928
0.90321562565
0.90321655781
0.90321747301
0.90321837170
0.90321925433
0.90322016905
0.90322106683
0.90322194814
0.90322285853
0.90322375168
0.90322467145
0.90322553074
0.90322645770
0.90322736609
0.90322825646
0.90322916862
0.90323006225
0.90323093790
0.90323183305
0.90323274594
0.90323363950
0.90323454895
0.90323543881
0.90323634282
0.90323725942
0.90323815547
0.90323906256
0.90323994907
0.90324084520
0.90324174961
0.90324266097
0.90324355057
0.90324444598
0.90324534602
0.90324624955
0.90324715547
0.90324803854
0.90324894680
0.90324985448
0.90325076067
0.90325164277
0.90325254410
0.90325344156
0.90325435443
0.90325524151
0.90325614165
0.90325705264
0.90325795459
0.90325884711
0.90325974656
0.90326065106
0.90326154319
0.90326245312
0.90326334844
0.90326424332
0.90326515008
0.90326605278
0.90326695024
0.90326785371
0.90326874900
0.90326964670
0.90327054478
0.90327145192
0.90327235496
0.90327325234
0.90327415200
0.90327505150
0.90327594859
0.90327684946
0.90327775118
0.90327865104
0.90327954659
0.90328044929
0.90328134871
0.90328224838
0.90328315089
0.90328405240
0.90328494945
0.90328584891
0.90328675111
0.90328765137
0.90328854969
0.90328944949
0.90329034914
0.90329125013
0.90329214968
0.90329305083
0.90329394948
0.90329484926
0.90329574939
0.90329665023
0.90329755062
0.90329844999
0.90329934950
0.90330024939
0.90330115009
0.90330205034
0.90330295036
0.90330385032
0.90330474992
0.90330564993
0.90330655002
0.90330744992
0.90330834995
0.90330924998
0.90331015000
0.90331104998
0.90331194999
0.90331284998
0.90331374999
0.90331465000
0.90331554999
0.90331645000
0.90331735000
0.90331825000
0.90331914999
0.90332005000
0.90332095000
0.90332184998
0.90332274997
0.90332365003
0.90332454998
0.90332545002
0.90332635006
0.90332725002
0.90332815009
0.90332904990
0.90332995003
0.90333085024
0.90333175023
0.90333265020
0.90333355021
0.90333444965
0.90333535037
0.90333624959
0.90333715056
0.90333804949
0.90333895075
0.90333984930
0.90334074998
0.90334164880
0.90334255149
0.90334344937
0.90334434910
0.90334524836
0.90334614928
0.90334705081
0.90334795005
0.90334884865
0.90334975010
0.90335064731
0.90335154724
0.90335245254
0.90335334689
0.90335425278
0.90335514651
0.90335605362
0.90335694880
0.90335785250
0.90335875426
0.90335965102
0.90336054905
0.90336144601
0.90336234972
0.90336324792
0.90336414891
0.90336505088
0.90336595189
0.90336684983
0.90336775545
0.90336865429
0.90336954384
0.90337045024
0.90337134384
0.90337225250
0.90337314442
0.90337404925
0.90337494990
0.90337584456
0.90337674933
0.90337764529
0.90337854947
0.90337944171
0.90338034000
0.90338124374
0.90338215227
0.90338304286
0.90338395819
0.90338485278
0.90338574779
0.90338664227
0.90338756039
0.90338845149
0.90338933900
0.90339024888
0.90339115421
0.90339205377
0.90339294633
0.90339386041
0.90339473571
0.90339566246
0.90339654763
0.90339745299
0.90339834578
0.90339925864
0.90340015731
0.90340104016
0.90340194200
0.90340286343
0.90340376704
0.90340465107
0.90340555332
0.90340643393
0.90340733226
0.90340824885
0.90340914133
0.90341005147
0.90341093517
0.90341183584
0.90341275398
0.90341364286
0.90341454842
0.90341547114
0.90341636157
0.90341726827
0.90341813995
0.90341902695
0.90341992966
0.90342084851
0.90342172844
0.90342262344
0.90342353389
0.90342446019
0.90342534337
0.90342624120
0.90342715407
0.90342801996
0.90342896297
0.90342985769
0.90343076685
0.90343162430
0.90343256230
0.90343344717
0.90343434571
0.90343525824
0.90343618510
0.90343705367
0.90343793500
0.90343882939
0.90343973712
0.90344065850
0.90344151534
0.90344246374
0.90344334591
0.90344424058
0.90344514803
0.90344606854
0.90344691692
0.90344786313
0.90344873538
0.90344961935
0.90345051527
0.90345142339
0.90345234397
0.90345327726
0.90345412830
0.90345508647
0.90345596036
0.90345684539
0.90345774178
0.90345864975
0.90345956952
0.90346050132
0.90346133989
0.90346229509
0.90346315483
0.90346402483
0.90346490525
0.90346579629
0.90346669815
0.90346761101
0.90346853509
0.90346947059
0.90347029868
0.90347125617
0.90347210385
0.90347308412
0.90347395208
0.90347482977
0.90347571733
0.90347661494
0.90347752277
0.90347844099
0.90347936979
0.90348030935
0.90348112339
0.90348208344
0.90348291532
0.90348389653
0.90348474685
0.90348560589
0.90348661930
0.90348749769
0.90348838524
0.90348928208
0.90349018836
0.90349110424
0.90349187492
0.90349280878
0.90349375269
0.90349470679
0.90349550979
0.90349648302
0.90349730220
0.90349829515
0.90349913101
0.90349997462
0.90350099733
0.90350185837
0.90350272751
0.90350360487
0.90350449057
0.90350538472
0.90350628744
0.90350719887
0.90350811912
0.90350904833
0.90350998663
0.90351093414
0.90351169889
0.90351266334
0.90351363741
0.90351442369
0.90351541542
0.90351621601
0.90351722589
0.90351804121
0.90351886319
0.90351990018
0.90352073748
0.90352158172
0.90352264692
0.90352350711
0.90352437453
0.90352524927
0.90352613143
0.90352702110
0.90352791837
0.90352882336
0.90352973614
0.90353065683
0.90353158554
0.90353252235
0.90353346739
0.90353418163
0.90353514132
0.90353610953
0.90353684135
0.90353782476
0.90353881701
0.90353956707
0.90354057509
0.90354133712
0.90354236128
0.90354313556
0.90354417626
0.90354496309
0.90354602073
0.90354682043
0.90354762573
0.90354870829
0.90354952691
0.90355035134
0.90355145972
0.90355229794
0.90355314218
0.90355399251
0.90355484898
0.90355571168
0.90355687172
0.90355774919
0.90355863310
0.90355952353
0.90356042055
0.90356132424
0.90356223466
0.90356315190
0.90356407604
0.90356469599
0.90356563178
0.90356657467
0.90356752475
0.90356848209
0.90356944678
0.90357009403
0.90357107116
0.90357205586
0.90357304824
0.90357371412
0.90357471947
0.90357573274
0.90357641268
0.90357743934
0.90357847416
0.90357916862
0.90358021726
0.90358092103
0.90358198377
0.90358269703
0.90358377417
0.90358449712
0.90358558893
0.90358632178
0.90358742858
0.90358817151
0.90358929361
0.90359004685
0.90359080427
0.90359194831
0.90359271634
0.90359348867
0.90359465532
0.90359543858
0.90359622626
0.90359741619
0.90359821513
0.90359901864
0.90359982675
0.90360104765
0.90360186746
0.90360269202
0.90360352136
0.90360435554
0.90360519459
0.90360603856
0.90360731382
0.90360817027
0.90360903179
0.90360989843
0.90361077023
0.90361164724
0.90361252950
0.90361341706
0.90361430998
0.90361520829
0.90361611205
0.90361702131
0.90361793611
0.90361885651
0.90361978257
0.90362071432
0.90362165183
0.90362259515
0.90362354433
0.90362402114
0.90362497922
0.90362594330
0.90362691344
0.90362788969
0.90362887212
0.90362986077
0.90363035746
0.90363135558
0.90363236007
0.90363337102
0.90363438846
0.90363489965
0.90363592697
0.90363696096
0.90363800168
0.90363852458
0.90363957552
0.90364063335
0.90364116487
0.90364223317
0.90364330855
0.90364384890
0.90364493501
0.90364602836
0.90364657778
0.90364768213
0.90364879392
0.90364935262
0.90365047569
0.90365104008
0.90365217460
0.90365331687
0.90365389093
0.90365504495
0.90365562493
0.90365679088
0.90365737687
0.90365855495
0.90365914705
0.90366033744
0.90366093575
0.90366213864
0.90366274325
0.90366395885
0.90366456987
0.90366579837
0.90366641589
0.90366765751
0.90366828163
0.90366953658
0.90367016742
0.90367080052
0.90367207357
0.90367271353
0.90367400041
0.90367464735
0.90367529664
0.90367660233
0.90367725874
0.90367857879
0.90367924246
0.90367990856
0.90368124815
0.90368192166
0.90368259766
0.90368395722
0.90368464080
0.90368532693
0.90368601563
0.90368740079
0.90368809728
0.90368879639
0.90369020255
0.90369090962
0.90369161939
0.90369233185
0.90369376494
0.90369448560
0.90369520902
0.90369593523
0.90369739603
0.90369813067
0.90369886815
0.90369960849
0.90370109782
0.90370184684
0.90370259879
0.90370335369
0.90370411155
0.90370487239
0.90370640308
0.90370717297
0.90370794590
0.90370872191
0.90370950101
0.90371028321
0.90371185701
0.90371264864
0.90371344346
0.90371424147
0.90371504271
0.90371584719
0.90371665492
0.90371746594
0.90371909789
0.90371991886
0.90372074320
0.90372157092
0.90372240204
0.90372323658
0.90372407456
0.90372491601
0.90372576095
0.90372660940
0.90372746138
0.90372831691
0.90372917602
0.90373003872
0.90373177501
0.90373264865
0.90373352597
0.90373440701
0.90373529178
0.90373618031
0.90373707263
0.90373796875
0.90373886871
0.90373977252
0.90374068022
0.90374159183
0.90374250737
0.90374342686
0.90374435034
0.90374527783
0.90374620936
0.90374714495
0.90374808462
0.90374902842
0.90374997635
0.90375092846
0.90375188476
0.90375284530
0.90375381008
0.90375477915
0.90375575252
0.90375673024
0.90375771233
0.90375869881
0.90375968972
0.90376068509
0.90376168495
0.90376268932
0.90376369825
0.90376471175
0.90376572987
0.90376675262
0.90376778006
0.90376881219
0.90376984907
0.90377089072
0.90377193717
0.90377298846
0.90377404463
0.90377510570
0.90377617170
0.90377724269
0.90377831868
0.90377939971
0.90378048583
0.90378157706
0.90378267345
0.90378377502
0.90378488182
0.90378599388
0.90378711124
0.90378823395
0.90378936202
0.90379049552
0.90379163447
0.90379277891
0.90379392889
0.90379508444
0.90379624560
0.90379741242
0.90379858494
0.90379976320
0.90380094724
0.90380213710
0.90380333284
0.90380453448
0.90380574207
0.90380695567
0.90380817531
0.90380940104
0.90381063290
0.90381187094
0.90381311522
0.90381436576
0.90381562263
0.90381688587
0.90381815553
0.90381943165
0.90382071430
0.90382200351
0.90382329933
0.90382460183
0.90382591105
0.90382722704
0.90382854986
0.90382987956
0.90383121619
0.90383255980
0.90383391046
0.90383526822
0.90383663313
0.90383800525
0.90383938463
0.90384077135
0.90384216544
0.90384356698
0.90384497603
0.90384639263
0.90384781686
0.90384924878
0.90385068844
0.90385213592
0.90385359127
0.90385505456
0.90385652586
0.90385800523
0.90385949273
0.90386098844
0.90386249242
0.90386400475
0.90386552548
0.90386705470
0.90386859247
0.90387013886
0.90387169395
0.90387325781
0.90387483052
0.90387641215
0.90387800277
0.90387960247
0.90388121132
0.90388282940
0.90388445679
0.90388609357
0.90388773982
0.90388939563
0.90389106107
0.90389273624
0.90389442122
0.90389611609
0.90389782094
0.90389953586
0.90390126094
0.90390299627
0.90390474194
0.90390649805
0.90390826469
0.90391004194
0.90391182992
0.90391362871
0.90391543842
0.90391725915
0.90391909099
0.90392093404
0.90392278842
0.90392465423
0.90392653156
0.90392842053
0.90393032126
0.90393223383
0.90393415838
0.90393609501
0.90393804383
0.90394000497
0.90394197853
0.90394396464
0.90394596342
0.90394797498
0.90394999945
0.90395203697
0.90395408764
0.90395615160
0.90395822898
0.90396031992
0.90396242454
0.90396454297
0.90396667537
0.90396882185
0.90397098257
0.90397315767
0.90397534729
0.90397755157
0.90397977067
0.90398200473
0.90398425390
0.90398651835
0.90398879822
0.90399109367
0.90399340487
0.90399573197
0.90399807514
0.90400043456
0.90400281038
0.90400520278
0.90400761193
0.90401003802
0.90401248121
0.90401494169
0.90401741965
0.90401991527
0.90402242874
0.90402496026
0.90402751001
0.90403007821
0.90403266503
0.90403527070
0.90403789542
0.90404053939
0.90404320283
0.90404588596
0.90404858899
0.90405131215
0.90405405566
0.90405681976
0.90405960466
0.90406241062
0.90406523787
0.90406808665
0.90407095721
0.90407384980
0.90407676467
0.90407970209
0.90408266231
0.90408564561
0.90408865225
0.90409168251
0.90409473667
0.90409781501
0.90410091782
0.90410404539
0.90410719802
0.90411037602
0.90411357968
0.90411680933
0.90412006528
0.90412334785
0.90412665738
0.90412999418
0.90413335861
0.90413675101
0.90414017172
0.90414362111
0.90414709953
0.90415060735
0.90415414496
0.90415771272
0.90416131103
0.90416494027
0.90416860086
0.90417229320
0.90417601770
0.90417977479
0.90418356489
0.90418738844
0.90419124589
0.90419513769
0.90419906430
0.90420302619
0.90420702383
0.90421105772
0.90421512835
0.90421923622
0.90422338185
0.90422756576
0.90423178847
0.90423605055
0.90424035253
0.90424469498
0.90424907847
0.90425350360
0.90425797094
0.90426248112
0.90426703476
0.90427163247
0.90427627491
0.90428096272
0.90428569659
0.90429047719
0.90429530522
0.90430018138
0.90430510640
0.90431008102
0.90431510599
0.90432018208
0.90432531007
0.90433049076
0.90433572498
0.90434101355
0.90434635732
0.90435175716
0.90435721397
0.90436272864
0.90436830211
0.90437393531
0.90437962922
0.90438538481
0.90439120311
0.90439708513
0.90440303193
0.90440904458
0.90441512420
0.90442127189
0.90442748882
0.90443377615
0.90444013509
0.90444656688
0.90445307276
0.90445965403
0.90446631201
0.90447304804
0.90447986350
0.90448675982
0.90449373842
0.90450080081
0.90450794849
0.90451518302
0.90452250600
0.90452991904
0.90453742384
0.90454502209
0.90455271556
0.90456050605
0.90456839541
0.90457638552
0.90458447833
0.90459267584
0.90460098009
0.90460939318
0.90461791725
0.90462655453
0.90463530729
0.90464417784
0.90465316860
0.90466228201
0.90467152061
0.90468088700
0.90469038383
0.90470001386
0.90470977991
0.90471968488
0.90472973176
0.90473992362
0.90475026362
0.90476075500
0.90477140114
0.90478220546
0.90479317152
0.90480430299
0.90481560363
0.90482707733
0.90483872810
0.90485056007
0.90486257749
0.90487478476
0.90488718642
0.90489978714
0.90491259177
0.90492560528
0.90493883283
0.90495227975
0.90496595154
0.90497985388
0.90499399267
0.90500837397
0.90502300409
0.90503788955
0.90505303707
0.90506845365
0.90508414652
0.90510012317
0.90511639137
0.90513295918
0.90514983495
0.90516702734
0.90518454535
0.90520239833
0.90522059596
0.90523914833
0.90525806592
0.90527735961
0.90529704074
0.90531712108
0.90533761292
0.90535852904
0.90537988274
0.90540168791
0.90542395902
0.90544671116
0.90546996009
0.90549372225
0.90551801484
0.90554285582
0.90556826395
0.90559425891
0.90562086125
0.90564809250
0.90567597525
0.90570453316
0.90573379104
0.90576377495
0.90579451227
0.90582603174
0.90585836360
0.90589153968
0.90592559348
0.90596056030
0.90599647735
0.90603338390
0.90607132143
0.90611033373
0.90615046714
0.90619177070
0.90623429633
0.90627809910
0.90632323740
0.90636977327
0.90641777264
0.90646730566
0.90651844701
0.90657127633
0.90662587860
0.90668234459
0.90674077137
0.90680126290
0.90686393060
0.90692889404
0.90699628175
0.90706623200
0.90713889381
0.90721442797
0.90729300823
0.90737482265
0.90746007512
0.90754898700
0.90764179909
0.90773877380
0.90784019759
0.90794638385
0.90805767612
0.90829712632
0.90842615835
0.90856205526
0.90870537991
0.90885675842
0.90901688934
0.90918655440
0.90936663131
0.90955810891
0.90976210539
0.90997989011
0.91021291007
0.91046282210
0.91073153235
0.91102124499
0.91133452288
0.91167436357
0.91204429564
0.91289197718
0.91338073834
0.91452502705
0.91596302944
0.91682994768
0.91782452797
0.91897722204
0.92032900631
0.92193635956
0.92627545481
0.92930411917
0.93325402876
